Time Real

0 0
1024 0.0786737
2048 0.0800288
3072 0.141087
4096 0.11108
5120 0.182686
6144 0.173794
7168 0.200403
8192 0.181284
9216 0.21836
10240 0.245814
11264 0.264685
12288 0.285623
13312 0.254667
14336 0.313935
15360 0.370124
16384 0.383516
17408 0.33759
18432 0.366989
19456 0.426974
20480 0.400596
21504 0.446568
22528 0.449904
23552 0.465936
24576 0.436341
25600 0.48262
26624 0.484948
27648 0.514992
28672 0.466826
29696 0.534005
30720 0.547343
31744 0.550544
32768 0.527523
33792 0.572043
34816 0.566197
35840 0.551609
36864 0.573997
37888 0.589829
38912 0.578656
39936 0.59302
40960 0.603256
41984 0.630391
43008 0.571252
44032 0.603158
45056 0.622624
46080 0.644333
47104 0.636256
48128 0.673923
49152 0.669535
50176 0.663314
51200 0.700496
52224 0.667695
53248 0.709962
54272 0.644075
55296 0.689586
56320 0.738155
57344 0.713983
58368 0.682103
59392 0.706788
60416 0.762472
61440 0.720724
62464 0.711144
63488 0.691727
64512 0.74603
65536 0.743416
66560 0.750304
67584 0.735345
68608 0.744833
69632 0.784992
70656 0.765926
71680 0.73224
72704 0.735595
73728 0.74241
74752 0.782778
75776 0.766049
76800 0.77163
77824 0.789051
78848 0.782057
79872 0.757365
80896 0.78035
81920 0.791465
82944 0.789783
83968 0.755038
84992 0.772314
86016 0.833397
87040 0.780226
88064 0.824083
89088 0.809363
90112 0.770807
91136 0.79714
92160 0.800317
93184 0.810442
94208 0.800188
95232 0.797923
96256 0.845348
97280 0.846743
98304 0.819266
99328 0.797911
100352 0.791462
101376 0.77912
102400 0.843969
103424 0.820696
104448 0.803002
105472 0.8055
106496 0.863892
107520 0.831815
108544 0.836715
109568 0.796295
110592 0.84989
111616 0.853462
112640 0.872206
113664 0.844263
114688 0.830092
115712 0.876611
116736 0.813136
117760 0.844126
118784 0.850347
119808 0.851575
120832 0.850066
121856 0.844806
122880 0.860054
123904 0.846922
124928 0.869312
125952 0.8624
126976 0.88215
128000 0.896517
129024 0.836162
130048 0.85475
131072 0.87013
132096 0.875993
133120 0.831514
134144 0.858407
135168 0.882475
136192 0.828629
137216 0.841309
138240 0.837753
139264 0.877785
140288 0.908292
141312 0.864099
142336 0.840523
143360 0.870094
144384 0.904794
145408 0.886259
146432 0.906273
147456 0.931638
148480 0.881236
149504 0.881294
150528 0.861279
151552 0.867284
152576 0.865736
153600 0.902772
154624 0.914834
155648 0.882669
156672 0.887377
157696 0.896742
158720 0.901483
159744 0.875593
160768 0.874736
161792 0.85844
162816 0.872412
163840 0.872678
164864 0.924646
165888 0.862686
166912 0.912928
167936 0.89861
168960 0.885903
169984 0.906757
171008 0.861958
172032 0.878443
173056 0.890046
174080 0.845927
175104 0.882429
176128 0.904847
177152 0.921
178176 0.895106
179200 0.910992
180224 0.906381
181248 0.896872
182272 0.904692
183296 0.913131
184320 0.856094
185344 0.894434
186368 0.871696
187392 0.936707
188416 0.888288
189440 0.880905
190464 0.91777
191488 0.925655
192512 0.883193
193536 0.935604
194560 0.929903
195584 0.898123
196608 0.911919
197632 0.908224
198656 0.911613
199680 0.924511
200704 0.92503
201728 0.928779
202752 0.894199
203776 0.916064
204800 0.947385
205824 0.857827
206848 0.875982
207872 0.922885
208896 0.919317
209920 0.935471
210944 0.921148
211968 0.89586
212992 0.895723
214016 0.935124
215040 0.906341
216064 0.906956
217088 0.889717
218112 0.869929
219136 0.885125
220160 0.916134
221184 0.891327
222208 0.900518
223232 0.925031
224256 0.946083
225280 0.939771
226304 0.900461
227328 0.912302
228352 0.897412
229376 0.950776
230400 0.892391
231424 0.900016
232448 0.941966
233472 0.916837
234496 0.910085
235520 0.880282
236544 0.914252
237568 0.873051
238592 0.929392
239616 0.895131
240640 0.932497
241664 0.923816
242688 0.925331
243712 0.905532
244736 0.927771
245760 0.915349
246784 0.882004
247808 0.940233
248832 0.914334
249856 0.918518
250880 0.895666
251904 0.941289
252928 0.918094
253952 0.939086
254976 0.880695
256000 0.931411
257024 0.894476
258048 0.91264
259072 0.905837
260096 0.875976
261120 0.912508
262144 0.893928
263168 0.923151
264192 0.908967
265216 0.916132
266240 0.941805
267264 0.961553
268288 0.935367
269312 0.8726
270336 0.92436
271360 0.920069
272384 0.953559
273408 0.979282
274432 0.933899
275456 0.933109
276480 0.920456
277504 0.908071
278528 0.92268
279552 0.927758
280576 0.932152
281600 0.909975
282624 0.910842
283648 0.942683
284672 0.933936
285696 0.925732
286720 0.909402
287744 0.951871
288768 0.906878
289792 0.866589
290816 0.899824
291840 0.909013
292864 0.946684
293888 0.903581
294912 0.930484
295936 0.926904
296960 0.940543
297984 0.898002
299008 0.91362
300032 0.915935
301056 0.895494
302080 0.932456
303104 0.958748
304128 0.914681
305152 0.897426
306176 0.931937
307200 0.915779
308224 0.943454
309248 0.946379
310272 0.942362
311296 0.944729
312320 0.924457
313344 0.890959
314368 0.943262
315392 0.890222
316416 0.929381
317440 0.920144
318464 0.949749
319488 0.885796
320512 0.950275
321536 0.956488
322560 0.901381
323584 0.904021
324608 0.915011
325632 0.92574
326656 0.90696
327680 0.93954
328704 0.93854
329728 0.936497
330752 0.934887
331776 0.931134
332800 0.944619
333824 0.913926
334848 0.898917
335872 0.888525
336896 0.95724
337920 0.909469
338944 0.949226
339968 0.891698
340992 0.934132
342016 0.940639
343040 0.926854
344064 0.889737
345088 0.932923
346112 0.998366
347136 0.929178
348160 0.911994
349184 0.917439
350208 0.931478
351232 0.927883
352256 0.919441
353280 0.895068
354304 0.928605
355328 0.913961
356352 0.909147
357376 0.916762
358400 0.911554
359424 0.922221
360448 0.870665
361472 0.964221
362496 0.924857
363520 0.921329
364544 0.94827
365568 0.908308
366592 0.92178
367616 0.882503
368640 0.947501
369664 0.93443
370688 0.928405
371712 0.913743
372736 0.906132
373760 0.949736
374784 0.896351
375808 0.969781
376832 0.930777
377856 0.892714
378880 0.925806
379904 0.95488
380928 0.914379
381952 0.942588
382976 0.939951
384000 0.937563
385024 0.938012
386048 0.906678
387072 0.923421
388096 0.897807
389120 0.953835
390144 0.9151
391168 0.909267
392192 0.934115
393216 0.944975
394240 0.901154
395264 0.975081
396288 0.92087
397312 0.924104
398336 0.912813
399360 0.916769
400384 0.93762
401408 0.910775
402432 0.948786
403456 0.924202
404480 0.959258
405504 0.940385
406528 0.907742
407552 0.950598
408576 0.928717
409600 0.942437
410624 0.935697
411648 0.886801
412672 0.923543
413696 0.926535
414720 0.885068
415744 0.949779
416768 0.906146
417792 0.906966
418816 0.904938
419840 0.92495
420864 0.963771
421888 0.925491
422912 0.916996
423936 0.939348
424960 0.931061
425984 0.942008
427008 0.91384
428032 0.937166
429056 0.919697
430080 0.924865
431104 0.912126
432128 0.957932
433152 0.93072
434176 0.898121
435200 0.914202
436224 0.921938
437248 0.921068
438272 0.940874
439296 0.929221
440320 0.899522
441344 0.90922
442368 0.908472
443392 0.902923
444416 0.939771
445440 0.967351
446464 0.920511
447488 0.928105
448512 0.907569
449536 0.915794
450560 0.928477
451584 0.949577
452608 0.906172
453632 0.901629
454656 0.931851
455680 0.913717
456704 0.931968
457728 0.940825
458752 0.90924
459776 0.93671
460800 0.929808
461824 0.908536
462848 0.899092
463872 0.909356
464896 0.944606
465920 0.920592
466944 0.922375
467968 0.889884
468992 0.885131
470016 0.958319
471040 0.980557
472064 0.921954
473088 0.908906
474112 0.943185
475136 0.911303
476160 0.894995
477184 0.91566
478208 0.94691
479232 0.921981
480256 0.902228
481280 0.914224
482304 0.920593
483328 0.952947
484352 0.895607
485376 0.934655
486400 0.92421
487424 0.908824
488448 0.931497
489472 0.947052
490496 0.910181
491520 0.894513
492544 0.916728
493568 0.926241
494592 0.93823
495616 0.92881
496640 0.931875
497664 0.908911
498688 0.92057
499712 0.939014
500736 0.950211
501760 0.946731
502784 0.935991
503808 0.896513
504832 0.89432
505856 0.909759
506880 0.929842
507904 0.947503
508928 0.910553
509952 0.89975
510976 0.959491
512000 0.961353
513024 0.911393
514048 0.928303
515072 0.914834
516096 0.894151
517120 0.9234
518144 0.879968
519168 0.953133
520192 0.936128
521216 0.932578
522240 0.945843
523264 0.921068
524288 0.9142
525312 0.939996
526336 0.937233
527360 0.87503
528384 0.910147
529408 0.927567
530432 0.936104
531456 0.927661
532480 0.914154
533504 0.905005
534528 0.969393
535552 0.942311
536576 0.900921
537600 0.907435
538624 0.935141
539648 0.906671
540672 0.934069
541696 0.914279
542720 0.933234
543744 0.900354
544768 0.909814
545792 0.965243
546816 0.904762
547840 0.941384
548864 0.886117
549888 0.927588
550912 0.946889
551936 0.927164
552960 0.960205
553984 0.900171
555008 0.91967
556032 0.959071
557056 0.890592
558080 0.913074
559104 0.913603
560128 0.916059
561152 0.933791
562176 0.905348
563200 0.93172
564224 0.938668
565248 0.928936
566272 0.882474
567296 0.926825
568320 0.917719
569344 0.879211
570368 0.931379
571392 0.922055
572416 0.892867
573440 0.898583
574464 0.926186
575488 0.889479
576512 0.939889
577536 0.952187
578560 0.91217
579584 0.928247
580608 0.906807
581632 0.903412
582656 0.931806
583680 0.936671
584704 0.959605
585728 0.953109
586752 0.920663
587776 0.928591
588800 0.920895
589824 0.947508
590848 0.906345
591872 0.946541
592896 0.935966
593920 0.900085
594944 0.929479
595968 0.936769
596992 0.915325
598016 0.938016
599040 0.927539
600064 0.913481
601088 0.899887
602112 0.936364
603136 0.899068
604160 0.882897
605184 0.951878
606208 0.933402
607232 0.95635
608256 0.92867
609280 0.934485
610304 0.95908
611328 0.937055
612352 0.935193
613376 0.950646
614400 0.908373
615424 0.911423
616448 0.910786
617472 0.932654
618496 0.963767
619520 0.937934
620544 0.934035
621568 0.935106
622592 0.915797
623616 0.898277
624640 0.93115
625664 0.898927
626688 0.92887
627712 0.935017
628736 0.949122
629760 0.936169
630784 0.911523
631808 0.929745
632832 0.927446
633856 0.893306
634880 0.925653
635904 0.917261
636928 0.930938
637952 0.881238
638976 0.918205
640000 0.921357
641024 0.949661
642048 0.884815
643072 0.888296
644096 0.932805
645120 0.955515
646144 0.899526
647168 0.903931
648192 0.92955
649216 0.914441
650240 0.942691
651264 0.936421
652288 0.889973
653312 0.908269
654336 0.923808
655360 0.934615
656384 0.917675
657408 0.940289
658432 0.919065
659456 0.899703
660480 0.948258
661504 0.888877
662528 0.935059
663552 0.950986
664576 0.962211
665600 0.947454
666624 0.957637
667648 0.935877
668672 0.924073
669696 0.945033
670720 0.919173
671744 0.939132
672768 0.919743
673792 0.901235
674816 0.878103
675840 0.928907
676864 0.958441
677888 0.910394
678912 0.907487
679936 0.958711
680960 0.890286
681984 0.940791
683008 0.903109
684032 0.939241
685056 0.918145
686080 0.94429
687104 0.912137
688128 0.94389
689152 0.879586
690176 0.911426
691200 0.924275
692224 0.915334
693248 0.903994
694272 0.921577
695296 0.917504
696320 0.930763
697344 0.903254
698368 0.922458
699392 0.98827
700416 0.912626
701440 0.879115
702464 0.955409
703488 0.875054
704512 0.894757
705536 0.93062
706560 0.915018
707584 0.917201
708608 0.970766
709632 0.888091
710656 0.937463
711680 0.926737
712704 0.910814
713728 0.926063
714752 0.925564
715776 0.909997
716800 0.928624
717824 0.934416
718848 0.91559
719872 0.919348
720896 0.933294
721920 0.91537
722944 0.892651
723968 0.884114
724992 0.918851
726016 0.892462
727040 0.924437
728064 0.915082
729088 0.903308
730112 0.909453
731136 0.913653
732160 0.962482
733184 0.890159
734208 0.956155
735232 0.924928
736256 0.959059
737280 0.929773
738304 0.937406
739328 0.954325
740352 0.939305
741376 0.968048
742400 0.936582
743424 0.936288
744448 0.917673
745472 0.928913
746496 0.957299
747520 0.920521
748544 0.883882
749568 0.893745
750592 0.933927
751616 0.91027
752640 0.908969
753664 0.915102
754688 0.896011
755712 0.939569
756736 0.915691
757760 0.914816
758784 0.938354
759808 0.976322
760832 0.925989
761856 0.93307
762880 0.906309
763904 0.912802
764928 0.928402
765952 0.890903
766976 0.903265
768000 0.911371
769024 0.899876
770048 0.901935
771072 0.926374
772096 0.939196
773120 0.908654
774144 0.908011
775168 0.946797
776192 0.93639
777216 0.906125
778240 0.945544
779264 0.9167
780288 0.935241
781312 0.908861
782336 0.940929
783360 0.915438
784384 0.862366
785408 0.888704
786432 0.963585
787456 0.921085
788480 0.975512
789504 0.924123
790528 0.887663
791552 0.925992
792576 0.936152
793600 0.93112
794624 0.921495
795648 0.888697
796672 0.936847
797696 0.927562
798720 0.904435
799744 0.948162
800768 0.916399
801792 0.931229
802816 0.913248
803840 0.854167
804864 0.890108
805888 0.904994
806912 0.937785
807936 0.951543
808960 0.92357
809984 0.945104
811008 0.912789
812032 0.904305
813056 0.920048
814080 0.924577
815104 0.927448
816128 0.894419
817152 0.910744
818176 0.889803
819200 0.91203
820224 0.916671
821248 0.913984
822272 0.936483
823296 0.912117
824320 0.925997
825344 0.924595
826368 0.93244
827392 0.936048
828416 0.907145
829440 0.953118
830464 1
831488 0.861781
832512 0.958114
833536 0.932474
834560 0.928914
835584 0.855606
836608 0.902854
837632 0.897909
838656 0.905267
839680 0.950852
840704 0.893791
841728 0.940534
842752 0.923587
843776 0.929887
844800 0.963431
845824 0.89833
846848 0.930963
847872 0.918519
848896 0.90052
849920 0.920408
850944 0.910393
851968 0.964221
852992 0.920146
854016 0.927312
855040 0.924157
856064 0.923796
857088 0.897856
858112 0.887189
859136 0.922904
860160 0.989099
861184 0.899731
862208 0.946397
863232 0.922339
864256 0.897638
865280 0.942958
866304 0.922208
867328 0.871989
868352 0.939108
869376 0.960907
870400 0.956958
871424 0.923553
872448 0.934615
873472 0.915066
874496 0.941991
875520 0.897647
876544 0.936817
877568 0.932163
878592 0.945087
879616 0.935462
880640 0.919941
881664 0.938706
882688 0.893967
883712 0.899353
884736 0.912395
885760 0.926696
886784 0.901525
887808 0.942237
888832 0.91848
889856 0.92997
890880 0.941917
891904 0.937395
892928 0.932959
893952 0.894818
894976 0.958878
896000 0.936741
897024 0.941815
898048 0.90392
899072 0.940592
900096 0.941387
901120 0.914662
902144 0.918545
903168 0.942184
904192 0.913889
905216 0.875216
906240 0.945445
907264 0.934157
908288 0.909124
909312 0.888272
910336 0.93455
911360 0.929386
912384 0.874283
913408 0.931816
914432 0.929734
915456 0.932711
916480 0.931969
917504 0.922677
918528 0.940858
919552 0.929612
920576 0.955691
921600 0.939443
922624 0.905621
923648 0.909429
924672 0.90644
925696 0.917672
926720 0.904198
927744 0.92783
928768 0.916271
929792 0.927814
930816 0.909006
931840 0.927251
932864 0.877634
933888 0.906218
934912 0.914457
935936 0.942144
936960 0.943472
937984 0.956755
939008 0.897383
940032 0.907631
941056 0.933256
942080 0.920658
943104 0.942798
944128 0.938836
945152 0.913677
946176 0.938928
947200 0.966209
948224 0.886236
949248 0.902557
950272 0.913992
951296 0.914443
952320 0.908829
953344 0.942172
954368 0.949619
955392 0.936846
956416 0.886211
957440 0.934695
958464 0.93646
959488 0.894417
960512 0.921542
961536 0.926257
962560 0.916442
963584 0.926375
964608 0.945655
965632 0.907795
966656 0.908393
967680 0.892935
968704 0.891907
969728 0.93424
970752 0.951775
971776 0.992551
972800 0.918098
973824 0.871153
974848 0.90744
975872 0.926643
976896 0.966612
977920 0.91403
978944 0.906642
979968 0.890202
980992 0.91647
982016 0.912983
983040 0.938801
984064 0.930187
985088 0.912718
986112 0.918182
987136 0.936639
988160 0.903549
989184 0.955115
990208 0.905997
991232 0.910272
992256 0.93723
993280 0.94239
994304 0.911767
995328 0.91293
996352 0.921743
997376 0.945044
998400 0.932288
999424 0.922748
1.00045e+06 0.889922
1.00147e+06 0.938016
1.0025e+06 0.929271
1.00352e+06 0.88463
1.00454e+06 0.896149
1.00557e+06 0.905482
1.00659e+06 0.897
1.00762e+06 0.927488
1.00864e+06 0.965501
1.00966e+06 0.963084
1.01069e+06 0.921111
1.01171e+06 0.951897
1.01274e+06 0.923711
1.01376e+06 0.927434
1.01478e+06 0.886218
1.01581e+06 0.922428
1.01683e+06 0.951115
1.01786e+06 0.939333
1.01888e+06 0.898424
1.0199e+06 0.907657
1.02093e+06 0.917571
1.02195e+06 0.938062
1.02298e+06 0.938221
1.024e+06 0.947056
1.02502e+06 0.920469
1.02605e+06 0.89683
1.02707e+06 0.914505
1.0281e+06 0.905291
1.02912e+06 0.92584
1.03014e+06 0.93021
1.03117e+06 0.942729
1.03219e+06 0.944053
1.03322e+06 0.953114
1.03424e+06 0.926145
1.03526e+06 0.91364
1.03629e+06 0.941617
1.03731e+06 0.960345
1.03834e+06 0.927105
1.03936e+06 0.931539
1.04038e+06 0.917512
1.04141e+06 0.950517
1.04243e+06 0.916971
1.04346e+06 0.953879
1.04448e+06 0.929013
1.0455e+06 0.90814
1.04653e+06 0.892702
1.04755e+06 0.954508
