Time Real

0 0
2048 0.0715916
4096 0.119633
6144 0.16243
8192 0.201842
10240 0.250979
12288 0.288347
14336 0.303724
16384 0.342284
18432 0.38633
20480 0.389622
22528 0.415971
24576 0.451106
26624 0.458918
28672 0.492264
30720 0.511832
32768 0.522931
34816 0.548359
36864 0.559763
38912 0.579303
40960 0.596318
43008 0.596077
45056 0.620572
47104 0.629994
49152 0.645775
51200 0.66335
53248 0.666089
55296 0.690449
57344 0.691694
59392 0.68472
61440 0.705265
63488 0.713509
65536 0.737055
67584 0.741371
69632 0.745925
71680 0.752606
73728 0.774437
75776 0.769069
77824 0.777178
79872 0.775645
81920 0.77832
83968 0.790358
86016 0.810279
88064 0.800051
90112 0.805501
92160 0.81138
94208 0.808905
96256 0.819134
98304 0.824588
100352 0.834314
102400 0.83098
104448 0.843854
106496 0.841582
108544 0.855679
110592 0.849319
112640 0.858908
114688 0.858037
116736 0.847467
118784 0.867671
120832 0.875652
122880 0.857495
124928 0.888191
126976 0.868713
129024 0.878966
131072 0.887836
133120 0.865634
135168 0.899386
137216 0.907813
139264 0.892221
141312 0.913287
143360 0.890388
145408 0.905919
147456 0.891054
149504 0.908959
151552 0.901396
153600 0.906155
155648 0.90157
157696 0.908567
159744 0.941159
161792 0.921384
163840 0.915921
165888 0.9216
167936 0.916211
169984 0.931843
172032 0.936634
174080 0.922389
176128 0.939993
178176 0.942398
180224 0.911568
182272 0.928532
184320 0.944174
186368 0.939972
188416 0.938688
190464 0.939485
192512 0.950148
194560 0.945054
196608 0.948668
198656 0.935445
200704 0.944148
202752 0.929473
204800 0.948756
206848 0.942764
208896 0.952751
210944 0.943933
212992 0.956999
215040 0.95415
217088 0.941257
219136 0.954972
221184 0.943862
223232 0.954191
225280 0.958789
227328 0.946733
229376 0.95847
231424 0.951337
233472 0.959683
235520 0.945944
237568 0.953531
239616 0.964325
241664 0.960051
243712 0.960507
245760 0.958196
247808 0.97243
249856 0.970315
251904 0.948714
253952 0.956139
256000 0.954887
258048 0.974007
260096 0.979395
262144 0.964319
264192 0.958417
266240 0.978059
268288 0.962022
270336 0.9738
272384 0.960219
274432 0.971942
276480 0.959234
278528 0.966889
280576 0.968691
282624 0.973115
284672 0.962625
286720 0.950913
288768 0.966458
290816 0.976565
292864 0.957584
294912 0.971003
296960 0.962774
299008 0.982889
301056 0.958769
303104 0.967929
305152 0.971532
307200 0.975636
309248 0.961953
311296 0.974455
313344 0.970508
315392 0.985522
317440 0.973967
319488 0.963831
321536 0.967277
323584 0.96528
325632 0.974469
327680 0.958816
329728 0.96848
331776 0.962713
333824 0.961728
335872 0.97124
337920 0.966089
339968 0.965054
342016 0.97363
344064 0.96989
346112 0.974413
348160 0.962591
350208 0.975301
352256 0.969603
354304 0.976093
356352 0.981432
358400 0.956337
360448 0.978816
362496 0.973163
364544 0.970212
366592 0.970529
368640 0.967084
370688 0.973908
372736 0.980227
374784 0.979152
376832 0.978264
378880 0.965746
380928 0.975887
382976 0.966545
385024 0.977729
387072 0.962764
389120 0.974863
391168 0.976196
393216 0.976804
395264 0.990475
397312 0.964226
399360 0.977773
401408 0.981188
403456 0.974888
405504 0.992972
407552 0.98065
409600 0.981361
411648 0.972911
413696 0.980886
415744 0.974637
417792 0.974224
419840 0.962717
421888 0.968511
423936 0.986989
425984 0.978047
428032 0.976333
430080 0.979563
432128 0.965587
434176 0.986948
436224 0.986537
438272 0.970403
440320 0.977923
442368 0.974223
444416 0.965876
446464 0.978767
448512 0.965004
450560 0.972644
452608 0.979406
454656 0.972818
456704 0.979332
458752 0.982834
460800 0.98598
462848 0.952327
464896 0.97914
466944 0.981948
468992 0.96045
471040 0.988032
473088 0.971228
475136 0.984217
477184 0.973612
479232 0.976388
481280 0.984379
483328 0.978804
485376 0.971151
487424 0.976744
489472 0.992857
491520 0.958891
493568 0.978646
495616 0.976616
497664 0.982461
499712 0.985134
501760 0.991757
503808 0.975571
505856 0.976846
507904 0.95466
509952 0.974894
512000 0.985425
514048 0.989933
516096 0.980756
518144 0.970422
520192 0.973774
522240 0.973937
524288 0.984497
526336 0.981996
528384 0.977471
530432 0.996408
532480 0.973773
534528 0.98102
536576 0.970723
538624 0.979672
540672 0.976942
542720 0.997922
544768 0.984575
546816 0.971547
548864 0.987313
550912 0.978465
552960 0.979548
555008 0.988657
557056 0.973642
559104 0.981813
561152 0.97825
563200 0.98238
565248 0.991105
567296 0.97683
569344 0.974482
571392 0.983702
573440 0.973362
575488 0.969739
577536 0.968794
579584 0.985775
581632 0.97458
583680 0.972137
585728 0.982182
587776 0.980257
589824 0.981348
591872 0.963896
593920 0.971381
595968 0.981838
598016 0.980361
600064 0.98022
602112 0.986217
604160 0.990466
606208 0.961151
608256 0.983804
610304 0.965532
612352 0.964819
614400 0.973538
616448 0.983563
618496 0.963015
620544 0.976863
622592 0.987422
624640 0.971628
626688 0.981812
628736 0.985174
630784 0.975052
632832 0.974522
634880 0.973621
636928 0.980688
638976 0.973958
641024 0.977207
643072 0.98438
645120 0.989418
647168 0.975507
649216 0.983962
651264 0.974818
653312 0.977283
655360 0.981163
657408 0.975461
659456 0.977863
661504 0.979941
663552 0.979715
665600 0.970689
667648 0.984005
669696 0.990701
671744 0.967661
673792 0.979736
675840 0.971508
677888 0.977124
679936 0.97456
681984 0.98158
684032 0.97008
686080 0.978379
688128 0.975584
690176 0.977025
692224 0.970847
694272 0.985582
696320 0.96975
698368 0.988608
700416 0.97459
702464 0.971365
704512 0.981514
706560 0.979879
708608 1
710656 0.974093
712704 0.967772
714752 0.967428
716800 0.976516
718848 0.974245
720896 0.978775
722944 0.984828
724992 0.981313
727040 0.979015
729088 0.974626
731136 0.971982
733184 0.969861
735232 0.978747
737280 0.975709
739328 0.969465
741376 0.983095
743424 0.979707
745472 0.973739
747520 0.981683
749568 0.983908
751616 0.971873
753664 0.971703
755712 0.977149
757760 0.983069
759808 0.971417
761856 0.986839
763904 0.956187
765952 0.983481
768000 0.970204
770048 0.975182
772096 0.968309
774144 0.969631
776192 0.979071
778240 0.979544
780288 0.986256
782336 0.979255
784384 0.984168
786432 0.976477
788480 0.98286
790528 0.972812
792576 0.973226
794624 0.980188
796672 0.994279
798720 0.983204
800768 0.966881
802816 0.971086
804864 0.966815
806912 0.97341
808960 0.965555
811008 0.985384
813056 0.986989
815104 0.98727
817152 0.989418
819200 0.974376
821248 0.979087
823296 0.971378
825344 0.993801
827392 0.978614
829440 0.982048
831488 0.992968
833536 0.972359
835584 0.97419
837632 0.98721
839680 0.967797
841728 0.975527
843776 0.987422
845824 0.962674
847872 0.96896
849920 0.97483
851968 0.97462
854016 0.979012
856064 0.983881
858112 0.97018
860160 0.967505
862208 0.957332
864256 0.980539
866304 0.984209
868352 0.978876
870400 0.964299
872448 0.986918
874496 0.974436
876544 0.973032
878592 0.979576
880640 0.98056
882688 0.971887
884736 0.972991
886784 0.9637
888832 0.96818
890880 0.966927
892928 0.967352
894976 0.972269
897024 0.967575
899072 0.968104
901120 0.976116
903168 0.96713
905216 0.989552
907264 0.973428
909312 0.984141
911360 0.98494
913408 0.970564
915456 0.984849
917504 0.988871
919552 0.980865
921600 0.97562
923648 0.964522
925696 0.97416
927744 0.98349
929792 0.984623
931840 0.974015
933888 0.969814
935936 0.965808
937984 0.976872
940032 0.977591
942080 0.9615
944128 0.990983
946176 0.978296
948224 0.981767
950272 0.976601
952320 0.980206
954368 0.974534
956416 0.980497
958464 0.991471
960512 0.974985
962560 0.970842
964608 0.976101
966656 0.975713
968704 0.985821
970752 0.979111
972800 0.980718
974848 0.969987
976896 0.96512
978944 0.986075
980992 0.974217
983040 0.97048
985088 0.972325
987136 0.972039
989184 0.982545
991232 0.972481
993280 0.984289
995328 0.983854
997376 0.973713
999424 0.97982
1.00147e+06 0.979796
1.00352e+06 0.978636
1.00557e+06 0.981977
1.00762e+06 0.97385
1.00966e+06 0.968651
1.01171e+06 0.974428
1.01376e+06 0.964563
1.01581e+06 0.976805
1.01786e+06 0.972877
1.0199e+06 0.967869
1.02195e+06 0.974833
1.024e+06 0.970509
1.02605e+06 0.976201
1.0281e+06 0.969649
1.03014e+06 0.981517
1.03219e+06 0.97029
1.03424e+06 0.970322
1.03629e+06 0.973236
1.03834e+06 0.963959
1.04038e+06 0.977777
1.04243e+06 0.970303
1.04448e+06 0.978751
1.04653e+06 0.975822
1.04858e+06 0.968365
1.05062e+06 0.973036
1.05267e+06 0.989532
1.05472e+06 0.978651
1.05677e+06 0.980928
1.05882e+06 0.976939
1.06086e+06 0.989547
1.06291e+06 0.966525
1.06496e+06 0.988923
1.06701e+06 0.982438
1.06906e+06 0.97742
1.0711e+06 0.975017
1.07315e+06 0.975975
1.0752e+06 0.987014
1.07725e+06 0.976713
1.0793e+06 0.98866
1.08134e+06 0.973672
1.08339e+06 0.965026
1.08544e+06 0.974799
1.08749e+06 0.978888
1.08954e+06 0.967278
1.09158e+06 0.973717
1.09363e+06 0.975245
1.09568e+06 0.968761
1.09773e+06 0.968185
1.09978e+06 0.957378
1.10182e+06 0.974856
1.10387e+06 0.978072
1.10592e+06 0.966635
1.10797e+06 0.983969
1.11002e+06 0.978087
1.11206e+06 0.978095
1.11411e+06 0.988466
1.11616e+06 0.979527
1.11821e+06 0.978893
1.12026e+06 0.966788
1.1223e+06 0.961651
1.12435e+06 0.985424
1.1264e+06 0.969016
1.12845e+06 0.985168
1.1305e+06 0.9762
1.13254e+06 0.981505
1.13459e+06 0.985135
1.13664e+06 0.972345
1.13869e+06 0.986368
1.14074e+06 0.975434
1.14278e+06 0.980399
1.14483e+06 0.980709
1.14688e+06 0.976018
1.14893e+06 0.974204
1.15098e+06 0.967816
1.15302e+06 0.97666
1.15507e+06 0.968897
1.15712e+06 0.970038
1.15917e+06 0.974503
1.16122e+06 0.983032
1.16326e+06 0.971206
1.16531e+06 0.966855
1.16736e+06 0.956235
1.16941e+06 0.974189
1.17146e+06 0.992126
1.1735e+06 0.974914
1.17555e+06 0.97162
1.1776e+06 0.968884
1.17965e+06 0.968651
1.1817e+06 0.968159
1.18374e+06 0.975662
1.18579e+06 0.973795
1.18784e+06 0.970724
1.18989e+06 0.984967
1.19194e+06 0.971874
1.19398e+06 0.9821
1.19603e+06 0.973351
1.19808e+06 0.967377
1.20013e+06 0.993819
1.20218e+06 0.97783
1.20422e+06 0.983572
1.20627e+06 0.970081
1.20832e+06 0.979125
1.21037e+06 0.974155
1.21242e+06 0.965342
1.21446e+06 0.97762
1.21651e+06 0.971898
1.21856e+06 0.963396
1.22061e+06 0.970206
1.22266e+06 0.970806
1.2247e+06 0.986974
1.22675e+06 0.985098
1.2288e+06 0.976223
1.23085e+06 0.972426
1.2329e+06 0.967866
1.23494e+06 0.973535
1.23699e+06 0.971049
1.23904e+06 0.99012
1.24109e+06 0.971876
1.24314e+06 0.97147
1.24518e+06 0.974299
1.24723e+06 0.973263
1.24928e+06 0.971855
1.25133e+06 0.972036
1.25338e+06 0.972186
1.25542e+06 0.983348
1.25747e+06 0.97828
1.25952e+06 0.975409
1.26157e+06 0.972935
1.26362e+06 0.980562
1.26566e+06 0.973988
1.26771e+06 0.962084
1.26976e+06 0.975904
1.27181e+06 0.981025
1.27386e+06 0.979762
1.2759e+06 0.965234
1.27795e+06 0.980087
1.28e+06 0.97731
1.28205e+06 0.981439
1.2841e+06 0.976127
1.28614e+06 0.973275
1.28819e+06 0.981388
1.29024e+06 0.977515
1.29229e+06 0.96881
1.29434e+06 0.97055
1.29638e+06 0.980996
1.29843e+06 0.986512
1.30048e+06 0.983577
1.30253e+06 0.965785
1.30458e+06 0.986466
1.30662e+06 0.969356
1.30867e+06 0.986095
1.31072e+06 0.968004
1.31277e+06 0.980463
1.31482e+06 0.980051
1.31686e+06 0.959058
1.31891e+06 0.977038
1.32096e+06 0.978865
1.32301e+06 0.975867
1.32506e+06 0.973909
1.3271e+06 0.972096
1.32915e+06 0.980191
1.3312e+06 0.980225
1.33325e+06 0.977049
1.3353e+06 0.981379
1.33734e+06 0.972199
1.33939e+06 0.981655
1.34144e+06 0.968282
1.34349e+06 0.973867
1.34554e+06 0.973506
1.34758e+06 0.975077
1.34963e+06 0.973338
1.35168e+06 0.948789
1.35373e+06 0.970482
1.35578e+06 0.962374
1.35782e+06 0.971789
1.35987e+06 0.979754
1.36192e+06 0.985189
1.36397e+06 0.979009
1.36602e+06 0.968722
1.36806e+06 0.97018
1.37011e+06 0.956316
1.37216e+06 0.980969
1.37421e+06 0.968601
1.37626e+06 0.96851
1.3783e+06 0.987362
1.38035e+06 0.977621
1.3824e+06 0.973565
1.38445e+06 0.982218
1.3865e+06 0.981956
1.38854e+06 0.957598
1.39059e+06 0.972487
1.39264e+06 0.965395
1.39469e+06 0.977887
1.39674e+06 0.964465
1.39878e+06 0.975957
1.40083e+06 0.964298
1.40288e+06 0.987097
1.40493e+06 0.967826
1.40698e+06 0.976396
1.40902e+06 0.975697
1.41107e+06 0.977265
1.41312e+06 0.976442
1.41517e+06 0.972911
1.41722e+06 0.972511
1.41926e+06 0.962242
1.42131e+06 0.984314
1.42336e+06 0.972008
1.42541e+06 0.974778
1.42746e+06 0.982938
1.4295e+06 0.957227
1.43155e+06 0.970954
1.4336e+06 0.972979
1.43565e+06 0.961359
1.4377e+06 0.968282
1.43974e+06 0.967038
1.44179e+06 0.974004
1.44384e+06 0.969897
1.44589e+06 0.972333
1.44794e+06 0.983929
1.44998e+06 0.974311
1.45203e+06 0.961162
1.45408e+06 0.981009
1.45613e+06 0.973978
1.45818e+06 0.97789
1.46022e+06 0.964084
1.46227e+06 0.969834
1.46432e+06 0.975711
1.46637e+06 0.976186
1.46842e+06 0.983479
1.47046e+06 0.984541
1.47251e+06 0.980049
1.47456e+06 0.964198
1.47661e+06 0.97955
1.47866e+06 0.967324
1.4807e+06 0.967147
1.48275e+06 0.979428
1.4848e+06 0.975323
1.48685e+06 0.967085
1.4889e+06 0.996139
1.49094e+06 0.979298
1.49299e+06 0.983118
1.49504e+06 0.962851
1.49709e+06 0.977805
1.49914e+06 0.967467
1.50118e+06 0.980167
1.50323e+06 0.974248
1.50528e+06 0.978376
1.50733e+06 0.979519
1.50938e+06 0.9678
1.51142e+06 0.952809
1.51347e+06 0.969433
1.51552e+06 0.970645
1.51757e+06 0.972623
1.51962e+06 0.978719
1.52166e+06 0.967597
1.52371e+06 0.972467
1.52576e+06 0.965295
1.52781e+06 0.983261
1.52986e+06 0.980475
1.5319e+06 0.975345
1.53395e+06 0.983141
1.536e+06 0.978341
1.53805e+06 0.976726
1.5401e+06 0.974065
1.54214e+06 0.970811
1.54419e+06 0.97796
1.54624e+06 0.96444
1.54829e+06 0.97006
1.55034e+06 0.971826
1.55238e+06 0.981338
1.55443e+06 0.971991
1.55648e+06 0.965421
1.55853e+06 0.964345
1.56058e+06 0.962076
1.56262e+06 0.958921
1.56467e+06 0.96312
1.56672e+06 0.966476
1.56877e+06 0.973937
1.57082e+06 0.973461
1.57286e+06 0.980467
1.57491e+06 0.967143
1.57696e+06 0.981638
1.57901e+06 0.965238
1.58106e+06 0.949028
1.5831e+06 0.95611
1.58515e+06 0.971853
1.5872e+06 0.980331
1.58925e+06 0.974233
1.5913e+06 0.985017
1.59334e+06 0.958774
1.59539e+06 0.964823
1.59744e+06 0.970081
1.59949e+06 0.959906
1.60154e+06 0.960667
1.60358e+06 0.963083
1.60563e+06 0.972742
1.60768e+06 0.975435
1.60973e+06 0.982883
1.61178e+06 0.972134
1.61382e+06 0.975483
1.61587e+06 0.95791
1.61792e+06 0.963996
1.61997e+06 0.970356
1.62202e+06 0.970235
1.62406e+06 0.970147
1.62611e+06 0.968183
1.62816e+06 0.980099
1.63021e+06 0.977989
1.63226e+06 0.975431
1.6343e+06 0.955096
1.63635e+06 0.977777
1.6384e+06 0.971882
1.64045e+06 0.964295
1.6425e+06 0.981296
1.64454e+06 0.964584
1.64659e+06 0.967648
1.64864e+06 0.952022
1.65069e+06 0.979778
1.65274e+06 0.964636
1.65478e+06 0.959857
1.65683e+06 0.973566
1.65888e+06 0.972071
1.66093e+06 0.974139
1.66298e+06 0.963495
1.66502e+06 0.983859
1.66707e+06 0.978376
1.66912e+06 0.962342
1.67117e+06 0.975035
1.67322e+06 0.961611
1.67526e+06 0.963513
1.67731e+06 0.973163
1.67936e+06 0.987614
1.68141e+06 0.97054
1.68346e+06 0.97866
1.6855e+06 0.974946
1.68755e+06 0.96056
1.6896e+06 0.964706
1.69165e+06 0.965351
1.6937e+06 0.968024
1.69574e+06 0.97281
1.69779e+06 0.963568
1.69984e+06 0.977164
1.70189e+06 0.96398
1.70394e+06 0.973485
1.70598e+06 0.973535
1.70803e+06 0.972239
1.71008e+06 0.97168
1.71213e+06 0.971233
1.71418e+06 0.976823
1.71622e+06 0.967013
1.71827e+06 0.955405
1.72032e+06 0.960623
1.72237e+06 0.968479
1.72442e+06 0.962857
1.72646e+06 0.974866
1.72851e+06 0.956988
1.73056e+06 0.974723
1.73261e+06 0.971834
1.73466e+06 0.967801
1.7367e+06 0.967769
1.73875e+06 0.961563
1.7408e+06 0.966152
1.74285e+06 0.970783
1.7449e+06 0.980287
1.74694e+06 0.966218
1.74899e+06 0.962335
1.75104e+06 0.964304
1.75309e+06 0.974272
1.75514e+06 0.967533
1.75718e+06 0.966676
1.75923e+06 0.975083
1.76128e+06 0.967816
1.76333e+06 0.966677
1.76538e+06 0.969277
1.76742e+06 0.9733
1.76947e+06 0.965723
1.77152e+06 0.980267
1.77357e+06 0.971593
1.77562e+06 0.974403
1.77766e+06 0.977993
1.77971e+06 0.975918
1.78176e+06 0.979248
1.78381e+06 0.973938
1.78586e+06 0.968175
1.7879e+06 0.955763
1.78995e+06 0.968165
1.792e+06 0.974745
1.79405e+06 0.95975
1.7961e+06 0.982776
1.79814e+06 0.976919
1.80019e+06 0.974562
1.80224e+06 0.979102
1.80429e+06 0.972977
1.80634e+06 0.974574
1.80838e+06 0.962933
1.81043e+06 0.959659
1.81248e+06 0.968061
1.81453e+06 0.970293
1.81658e+06 0.975014
1.81862e+06 0.971739
1.82067e+06 0.974019
1.82272e+06 0.958296
1.82477e+06 0.961075
1.82682e+06 0.97503
1.82886e+06 0.962126
1.83091e+06 0.979344
1.83296e+06 0.971721
1.83501e+06 0.962438
1.83706e+06 0.976516
1.8391e+06 0.963875
1.84115e+06 0.968891
1.8432e+06 0.972235
1.84525e+06 0.961954
1.8473e+06 0.951207
1.84934e+06 0.972661
1.85139e+06 0.95714
1.85344e+06 0.961096
1.85549e+06 0.966418
1.85754e+06 0.960597
1.85958e+06 0.959203
1.86163e+06 0.975944
1.86368e+06 0.977489
1.86573e+06 0.965485
1.86778e+06 0.955384
1.86982e+06 0.962518
1.87187e+06 0.964563
1.87392e+06 0.986367
1.87597e+06 0.96398
1.87802e+06 0.962366
1.88006e+06 0.962412
1.88211e+06 0.969024
1.88416e+06 0.972757
1.88621e+06 0.967928
1.88826e+06 0.96876
1.8903e+06 0.971334
1.89235e+06 0.966163
1.8944e+06 0.973364
1.89645e+06 0.963656
1.8985e+06 0.962417
1.90054e+06 0.964039
1.90259e+06 0.973387
1.90464e+06 0.964489
1.90669e+06 0.97639
1.90874e+06 0.982815
1.91078e+06 0.963835
1.91283e+06 0.953371
1.91488e+06 0.956679
1.91693e+06 0.952594
1.91898e+06 0.967612
1.92102e+06 0.968721
1.92307e+06 0.971658
1.92512e+06 0.96611
1.92717e+06 0.964052
1.92922e+06 0.97465
1.93126e+06 0.969287
1.93331e+06 0.97011
1.93536e+06 0.948735
1.93741e+06 0.955785
1.93946e+06 0.96884
1.9415e+06 0.963709
1.94355e+06 0.963499
1.9456e+06 0.950779
1.94765e+06 0.95473
1.9497e+06 0.969514
1.95174e+06 0.967164
1.95379e+06 0.963941
1.95584e+06 0.964268
1.95789e+06 0.969572
1.95994e+06 0.963249
1.96198e+06 0.975946
1.96403e+06 0.976457
1.96608e+06 0.969959
1.96813e+06 0.967215
1.97018e+06 0.975321
1.97222e+06 0.959391
1.97427e+06 0.960099
1.97632e+06 0.977108
1.97837e+06 0.968382
1.98042e+06 0.974893
1.98246e+06 0.973805
1.98451e+06 0.96914
1.98656e+06 0.982577
1.98861e+06 0.94863
1.99066e+06 0.969244
1.9927e+06 0.966576
1.99475e+06 0.961064
1.9968e+06 0.971495
1.99885e+06 0.979142
2.0009e+06 0.96983
2.00294e+06 0.956736
2.00499e+06 0.972048
2.00704e+06 0.966177
2.00909e+06 0.983314
2.01114e+06 0.967718
2.01318e+06 0.966454
2.01523e+06 0.967521
2.01728e+06 0.969164
2.01933e+06 0.961874
2.02138e+06 0.971588
2.02342e+06 0.95948
2.02547e+06 0.958509
2.02752e+06 0.966382
2.02957e+06 0.971615
2.03162e+06 0.96855
2.03366e+06 0.980133
2.03571e+06 0.976234
2.03776e+06 0.968108
2.03981e+06 0.967647
2.04186e+06 0.951714
2.0439e+06 0.963864
2.04595e+06 0.968566
2.048e+06 0.959985
2.05005e+06 0.95168
2.0521e+06 0.978806
2.05414e+06 0.949125
2.05619e+06 0.947071
2.05824e+06 0.967291
2.06029e+06 0.965433
2.06234e+06 0.9775
2.06438e+06 0.969884
2.06643e+06 0.94527
2.06848e+06 0.975816
2.07053e+06 0.951921
2.07258e+06 0.968198
2.07462e+06 0.976369
2.07667e+06 0.947357
2.07872e+06 0.952261
2.08077e+06 0.955905
2.08282e+06 0.973538
2.08486e+06 0.964318
2.08691e+06 0.964649
2.08896e+06 0.978768
2.09101e+06 0.956291
2.09306e+06 0.971851
2.0951e+06 0.963304
