0.0,1.0,0.9883447344854863
0.032,0.925784,0.9476885110943907
0.064,0.91829,0.9218759788288639
0.096,0.899098,0.9000338046853151
0.128,0.891772,0.8804706362773906
0.16,0.856996,0.8624419129305849
0.192,0.841409,0.84552995418949
0.224,0.825345,0.8294698437712376
0.256,0.822623,0.8140811725307946
0.288,0.810357,0.7992357796689649
0.32,0.785805,0.7848404779753886
0.352,0.772807,0.7708269062189375
0.384,0.770735,0.7571451116583602
0.416,0.742742,0.7437592312973663
0.448,0.733519,0.7306444236818223
0.48,0.706426,0.7177845821847056
0.512,0.71385,0.705170557513436
0.544,0.671966,0.6927987252683059
0.576,0.678093,0.6806697965937806
0.608,0.668122,0.6687878071781542
0.64,0.648044,0.6571592428282318
0.672,0.661616,0.6457922743813423
0.704,0.646693,0.6346960840826007
0.736,0.618251,0.6238802716550361
0.768,0.597586,0.6133543322709841
0.8,0.59666,0.6031272012070497
0.832,0.608945,0.5932068615865094
0.864,0.590228,0.5836000125802975
0.896,0.571468,0.5743117959512741
0.928,0.571388,0.565345579024705
0.96,0.55633,0.5567027921486849
0.992,0.545422,0.5483828185424973
1.024,0.539535,0.5403829341710636
1.056,0.540448,0.5326982949692958
1.088,0.524209,0.5253219684016336
1.12,0.511668,0.5182450060028623
1.152,0.511945,0.5114565532247292
1.184,0.501915,0.5049439926231795
1.216,0.493426,0.4986931161740799
1.248,0.508215,0.49268832230926707
1.28,0.472163,0.4869128331254499
1.312,0.489897,0.48134892713965327
1.344,0.476861,0.47597818294847405
1.376,0.463637,0.4707817291947812
1.408,0.46228,0.46574049635355586
1.44,0.462838,0.46083546601599634
1.472,0.460871,0.45604791357435975
1.504,0.458176,0.45135964048486255
1.536,0.445082,0.4467531926070735
1.568,0.434244,0.44221206147968917
1.6,0.437486,0.43772086578792146
1.632,0.434669,0.43326551070008573
1.664,0.426569,0.42883332319322764
1.696,0.431935,0.4244131619425078
1.728,0.413998,0.4199955008092962
1.76,0.413823,0.4155724854213779
1.792,0.412975,0.4111379627883883
1.824,0.401572,0.40668748433002333
1.856,0.395004,0.40221828310752245
1.888,0.404902,0.39772922643478287
1.92,0.381299,0.39322074539917556
1.952,0.381611,0.38869474313931274
1.984,0.400285,0.3841544840039627
2.016,0.36886,0.3796044659500912
2.048,0.368511,0.3750502787264251
2.08,0.369518,0.3704984505305894
2.112,0.361036,0.36595628592211765
2.144,0.369601,0.3614316978206066
2.176,0.347886,0.3569330364188197
2.208,0.353771,0.35246891779621525
2.24,0.351248,0.3480480549313588
2.272,0.339804,0.3436790936847952
2.304,0.349288,0.33937045616051503
2.336,0.330562,0.33513019365796703
2.368,0.325551,0.33096585120180244
2.4,0.321972,0.326884345387705
2.432,0.314995,0.3228918570144757
2.464,0.325177,0.3189937396898854
2.496,0.317105,0.31519444530562646
2.528,0.300637,0.3114974669799147
2.56,0.325731,0.3079052997697748
2.592,0.302362,0.30441941916344883
2.624,0.292102,0.30104027708117514
2.656,0.296856,0.29776731484393953
2.688,0.302843,0.29459899231851766
2.72,0.302616,0.291532832216632
2.752,0.29251,0.2885654783192994
2.784,0.286961,0.28569276621696116
2.816,0.28101,0.2829098050037771
2.848,0.288828,0.28021106824201425
2.88,0.286145,0.2775904924207586
2.912,0.283707,0.2750415810726806
2.944,0.266069,0.2725575126832415
2.976,0.27899,0.2701312505279977
3.008,0.287191,0.2677556526045397
3.04,0.27246,0.26542357988464427
3.072,0.260768,0.26312800119757074
3.104,0.25745,0.26086209316490755
3.136,0.265055,0.25861933373844176
3.168,0.266389,0.2563935880424159
3.2,0.258684,0.2541791853872602
3.232,0.242991,0.25197098650030236
3.264,0.244626,0.24976444020681948
3.296,0.256071,0.2475556289888083
3.328,0.256611,0.24534130304573626
3.36,0.25183,0.24311890267806122
3.392,0.251972,0.24088656900736405
3.424,0.243598,0.23864314323355046
3.456,0.236482,0.23638815480699266
3.488,0.22888,0.2341217990591487
3.52,0.21606,0.23184490498686805
3.552,0.217418,0.22955889402127724
3.584,0.236596,0.22726573073019588
3.616,0.2254,0.2249678665021333
3.648,0.223917,0.22266817733907987
3.68,0.229836,0.220369896943903
3.712,0.221018,0.21807654632590892
3.744,0.217081,0.21579186116508342
3.776,0.212066,0.2135197181720749
3.808,0.218843,0.21126406165782857
3.84,0.204347,0.2090288314849085
3.872,0.208657,0.20681789351322138
3.904,0.190187,0.20463497357757593
3.936,0.19545,0.20248359594498025
3.968,0.200174,0.20036702709767945
4.0,0.20149,0.19828822557568365
4.032,0.196297,0.19624979849205001
4.064,0.206479,0.19425396520765376
4.096,0.171712,0.19230252852182292
4.128,0.192837,0.19039685360322137
4.16,0.191197,0.18853785475392135
4.192,0.187892,0.1867259899707811
4.224,0.186542,0.1849612631440322
4.256,0.174166,0.18324323361521755
4.288,0.162367,0.18157103270700067
4.32,0.174723,0.1799433867373833
4.352,0.167759,0.17835864594183315
4.384,0.184831,0.17681481864981546
4.416,0.167855,0.17530960999810716
4.448,0.168637,0.17384046441267836
4.48,0.171491,0.17240461105424082
4.512,0.162822,0.17099911139995158
4.544,0.168283,0.16962090812514236
4.576,0.158739,0.16826687445403476
4.608,0.153301,0.16693386316668374
4.64,0.172881,0.16561875448017901
4.672,0.156535,0.16431850206453588
4.704,0.158977,0.16303017650668866
4.736,0.134287,0.16175100559839353
4.768,0.153234,0.16047841089434617
4.8,0.156095,0.15921004006405987
4.832,0.147062,0.15794379464357217
4.864,0.146898,0.15667785287937236
4.896,0.139807,0.1554106874455613
4.928,0.153831,0.15414107790468115
4.96,0.160915,0.15286811787141585
4.992,0.153687,0.15159121692506836
5.024,0.143175,0.1503100974000278
5.056,0.14953,0.14902478626212098
5.088,0.165067,0.14773560235166971
5.12,0.144143,0.14644313934025738
5.152,0.146678,0.14514824480677715
5.184,0.147498,0.14385199588859104
5.216,0.152424,0.14255567200501018
5.248,0.136937,0.14126072518242183
5.28,0.147717,0.13996874853299415
5.312,0.134299,0.13868144345192607
5.344,0.139078,0.13740058610173536
5.376,0.12914,0.13612799374634582
5.408,0.142513,0.13486549148310079
5.44,0.137609,0.13361487989780751
5.472,0.136104,0.13237790413712783
5.504,0.126938,0.13115622485480047
5.536,0.138414,0.12995139144413975
5.568,0.14376,0.12876481791988814
5.6,0.115732,0.12759776175877058
5.632,0.121657,0.12645130595100057
5.664,0.130578,0.12532634445553917
5.696,0.125868,0.12422357119113787
5.728,0.128301,0.12314347263412627
5.76,0.121858,0.12208632403352165
5.792,0.119023,0.1210521891952971
5.824,0.121999,0.12004092373144098
5.856,0.118432,0.11905218161660824
5.888,0.121934,0.11808542484644302
5.92,0.109428,0.11713993594771818
5.952,0.116567,0.11621483305184317
5.984,0.114763,0.11530908721050646
6.016,0.10882,0.1144215416055976
6.048,0.11338,0.11355093228533698
6.08,0.105132,0.11269591004487073
6.112,0.10003,0.11185506306248409
6.144,0.109756,0.11102693990197088
6.176,0.108933,0.11021007249738454
6.208,0.10145,0.10940299874811377
6.24,0.107812,0.10860428436959557
6.272,0.110386,0.10781254366756539
6.304,0.109493,0.10702645893101813
6.336,0.0991831,0.10624479817044322
6.368,0.122173,0.10546643096277163
6.4,0.112393,0.10469034220216648
6.432,0.107077,0.10391564359561278
6.464,0.114774,0.10314158278350727
6.496,0.100171,0.10236755000741372
6.528,0.121224,0.1015930822891281
6.56,0.115826,0.10081786512652176
6.592,0.104401,0.10004173175164383
6.624,0.108897,0.09926466003466562
6.656,0.0966562,0.09848676715287857
6.688,0.0955139,0.09770830217661165
6.72,0.0977322,0.09692963675317305
6.752,0.0997265,0.09615125409537645
6.784,0.0958889,0.0953737365025809
6.816,0.0943616,0.0945977516592303
6.848,0.0963125,0.09382403796847957
6.88,0.106002,0.09305338918655823
6.912,0.0956345,0.09228663862706075
6.944,0.0972078,0.0915246432034335
6.976,0.0849117,0.09076826757270061
7.008,0.0963487,0.09001836863414484
7.04,0.088305,0.0892757806235017
7.072,0.0877026,0.0885413010265658
7.104,0.0867371,0.08781567751631271
7.136,0.0835324,0.08709959609512195
7.168,0.0645467,0.08639367059888936
7.2,0.0926406,0.08569843369320716
7.232,0.0890965,0.08501432946384764
7.264,0.0739839,0.08434170767500586
7.296,0.0738197,0.08368081973962332
7.328,0.0872535,0.08303181641711034
7.36,0.0912773,0.08239474722537626
7.392,0.0788408,0.08176956152670316
7.424,0.100571,0.08115611122107265
7.456,0.0807162,0.08055415495645528
7.488,0.0727538,0.07996336374363441
7.52,0.0838455,0.07938332784364929
7.552,0.0871209,0.0788135647791556
7.584,0.0849865,0.0782535283071052
7.616,0.0712535,0.07770261817927986
7.648,0.0672235,0.07716019050947039
7.68,0.0851883,0.07662556856150199
7.712,0.0717171,0.0760980537708548
7.744,0.0808704,0.07557693681424879
7.776,0.0809375,0.07506150854613837
7.808,0.0797231,0.07455107062843759
7.84,0.069722,0.07404494568976733
7.872,0.0733261,0.07354248686285296
7.904,0.0575737,0.07304308656312865
7.936,0.0717248,0.07254618438783728
7.968,0.0641531,0.07205127403263215
8.0,0.0658048,0.07155790914156498
8.032,0.075597,0.07106570802604102
8.064,0.0715403,0.07057435720849657
8.096,0.0694761,0.0700836137668685
8.128,0.0743913,0.06959330647604207
8.16,0.069134,0.06910333576207019
8.192,0.0643461,0.06861367250374312
8.224,0.0742825,0.06812435573378067
8.256,0.0686397,0.06763548930825737
8.288,0.0537268,0.06714723762763351
8.32,0.0607964,0.06665982050575667
8.352,0.0608049,0.06617350729425725
8.384,0.0599569,0.06568861037876891
8.416,0.0704106,0.06520547817026737
8.448,0.0640113,0.06472448771949413
8.48,0.0700729,0.06424603708489841
8.512,0.0660147,0.06377053758481553
8.544,0.0623899,0.06329840606276019
8.576,0.0761644,0.0628300572908385
8.608,0.075067,0.06236589663049414
8.64,0.0680688,0.06190631306224803
8.672,0.0625179,0.06145167268694366
8.704,0.0685881,0.061002312790458445
8.736,0.0528785,0.060558536552103796
8.768,0.061269,0.060120608464228134
8.8,0.0436006,0.059688750517098
8.832,0.0656119,0.059263139189196255
8.864,0.0650395,0.05884390326888486
8.896,0.0589008,0.05843112251916934
8.928,0.0788547,0.05802482718330247
8.96,0.0427341,0.05762499831539823
8.992,0.0598206,0.05723156890729901
9.024,0.0607623,0.05684442577084253
9.056,0.0538837,0.05646341212358049
9.088,0.054722,0.05608833081606189
9.12,0.037462,0.05571894813013619
9.152,0.0603249,0.05535499807046199
9.184,0.0529228,0.05499618706560109
9.216,0.0396933,0.05464219899079164
9.248,0.0563332,0.05429270042175095
9.28,0.0622908,0.05394734602766336
9.312,0.0491815,0.053605784011832545
9.344,0.0453364,0.05326766151027792
9.376,0.0638434,0.05293262986175624
9.408,0.063965,0.05260034966720399
9.44,0.0419363,0.052270495562313286
9.472,0.0606545,0.05194276063374515
9.504,0.0592016,0.051616860417213514
9.536,0.0546572,0.051292536424185374
9.568,0.0521871,0.05096955915307965
9.6,0.0390588,0.05064773055044483
9.632,0.0553166,0.05032688589748196
9.664,0.0593064,0.05000689510729122
9.696,0.0436958,0.049687663428187034
9.728,0.0445877,0.04936913155819169
9.76,0.0367853,0.049051275185227526
9.792,0.0570172,0.048734103976437224
9.824,0.0446814,0.048417660048347265
9.856,0.0594709,0.04810201595712544
9.888,0.0508696,0.04778727225487654
9.92,0.0526562,0.04747355466368058
9.952,0.0546135,0.047161010923839494
9.984,0.0374867,0.04684980737651409
10.016,0.0415447,0.04654012534356641
10.048,0.0401898,0.04623215736896873
10.08,0.0486091,0.04592610338659632
10.112,0.0555584,0.045622166878616276
10.144,0.0517192,0.04532055108705477
10.176,0.0368532,0.04502145533852482
10.208,0.0206823,0.04472507153859877
10.24,0.0424839,0.044431580887989416
10.272,0.0455724,0.04414115086766128
10.304,0.0282716,0.04385393253432375
10.336,0.0386542,0.043570058161574776
10.368,0.0434187,0.04328963925537995
10.4,0.0351053,0.04301276496570383
10.432,0.0594183,0.04273950090908067
10.464,0.0242839,0.042469888409834546
10.496,0.0443161,0.04220394416065371
10.528,0.0390139,0.04194166029640054
10.56,0.0532061,0.041683004868502085
10.592,0.051425,0.041427922701116705
10.624,0.0418753,0.04117633660459564
10.656,0.0312977,0.04092814891663726
10.688,0.0461333,0.040683243337030064
10.72,0.0331868,0.04044148701805703
10.752,0.0490522,0.04020273286953043
10.784,0.0372402,0.03996682203507353
10.816,0.0466115,0.039733586494681464
10.848,0.0381711,0.03950285174778171
10.88,0.0315901,0.03927443953096857
10.912,0.0460807,0.03904817052528279
10.944,0.0401552,0.038823867009319044
10.976,0.0241104,0.03860135541652383
11.008,0.0364143,0.038380468757745444
11.04,0.0231716,0.03816104887335447
11.072,0.037356,0.03794294848299818
11.104,0.0482097,0.037726033005213586
11.136,0.0449846,0.03751018212362133
11.168,0.0349149,0.03729529108117375
11.2,0.0328197,0.03708127168885316
11.232,0.0297176,0.036868053040223246
11.264,0.033251,0.03665558192824776
11.296,0.0329412,0.03644382296572101
11.328,0.0425959,0.03623275841542969
11.36,0.037356,0.03602238774071038
11.392,0.0403652,0.03581272689131407
11.424,0.045204,0.03560380734337938
11.456,0.0337677,0.03539567491579372
11.488,0.041789,0.03518838838824425
11.52,0.0303907,0.03498201794878915
11.552,0.0438329,0.034776643500788344
11.584,0.0366,0.03457235286050281
11.616,0.0377534,0.034369239877592654
11.648,0.0367916,0.03416740251111883
11.68,0.0300026,0.03396694089348701
11.712,0.025832,0.033767955414085414
11.744,0.039856,0.03357054485318494
11.776,0.027215,0.03337480459502187
11.808,0.0492823,0.0331808249469126
11.84,0.0190999,0.03298868958879789
11.872,0.031698,0.032798474174834474
11.904,0.0263883,0.03261024510559607
11.936,0.0377675,0.032424058486172046
11.968,0.0416732,0.032239959282019545
12.0,0.0223218,0.03205798068089223
12.032,0.020662,0.03187814366559815
12.064,0.0341672,0.03170045679878688
12.096,0.0298239,0.031524916217492024
12.128,0.0413891,0.031351505831811254
12.16,0.0341766,0.031180197718943793
12.192,0.0232097,0.031010952700871758
12.224,0.0310268,0.030843721091307293
12.256,0.0438785,0.03067844359516826
12.288,0.0285356,0.030515052341822183
12.32,0.0300138,0.030353472031672914
12.352,0.0277322,0.030193621174377662
12.384,0.0449226,0.030035413396079985
12.416,0.0265727,0.02987875879253591
12.448,0.0322011,0.029723565304889003
12.48,0.031312,0.029569740095110826
12.512,0.0333281,0.029417190898748696
12.544,0.028693,0.02926582733359462
12.576,0.0198777,0.029115562144182365
12.608,0.0201955,0.028966312363602906
12.64,0.031087,0.02881800037597103
12.672,0.0292669,0.028670554864937525
12.704,0.0264465,0.02852391163588612
12.736,0.0114995,0.028378014301838415
12.768,0.038231,0.028232814825571613
12.8,0.0327831,0.02808827391299147
12.832,0.0354612,0.02794436125535122
12.864,0.0189911,0.027801055620427298
12.896,0.0353017,0.02765834479521303
12.928,0.0284094,0.027516225385033358
12.96,0.0347413,0.027374702476185016
12.992,0.0351215,0.027233789171231274
13.024,0.0183089,0.027093506007904687
13.056,0.0313626,0.026953880274166987
13.088,0.0214135,0.02681494523332576
13.12,0.0172993,0.026676739274195865
13.152,0.016987,0.02653930500210882
13.184,0.0222521,0.02640268828711128
13.216,0.0294891,0.026266937285951364
13.248,0.0322955,0.026132101454432587
13.28,0.0380112,0.02599823056642859
13.312,0.0197696,0.025865373755307175
13.344,0.0198291,0.025733578592727575
13.376,0.0123932,0.02560289021876746
13.408,0.0447809,0.025473350536129667
13.44,0.0174398,0.025344997479797363
13.472,0.0288149,0.02521786437197717
13.504,0.0309815,0.0250919793705218
13.536,0.0397761,0.024967365017287087
13.568,0.0339489,0.024844037891082825
13.6,0.0235008,0.024722008368053668
13.632,0.0286646,0.024601280490506125
13.664,0.0250716,0.024481851943409155
13.696,0.0155854,0.02436371413606745
13.728,0.0280794,0.024246852384825594
13.76,0.0322883,0.02413124619112974
13.792,0.0253926,0.024016869607876884
13.824,0.024851,0.023903691685735307
13.856,0.0290857,0.02379167699004236
13.888,0.0261518,0.023680786177990028
13.92,0.0248328,0.023570976625102345
13.952,0.0345329,0.02346220308950145
13.984,0.0249541,0.02335441840215061
14.016,0.0280487,0.02324757417115491
14.048,0.0217083,0.023141621488288605
14.08,0.0288366,0.02303651162619655
14.112,0.0252444,0.022932196715175115
14.144,0.019706,0.022828630389064908
14.176,0.0118513,0.0227257683905666
14.208,0.0323697,0.022623569127208164
14.24,0.0196014,0.022521994170225705
14.272,0.0280055,0.022421008689752997
14.304,0.029802,0.022320581820924522
14.336,0.000575836,0.022220686956762492
14.368,0.0319762,0.022121301965016674
14.4,0.0167366,0.02202240932743706
14.432,0.0178063,0.021923996201259247
14.464,0.019933,0.02182605440395251
14.496,0.0247852,0.021728580323499128
14.528,0.0222206,0.021631574757623707
14.56,0.0262819,0.021535042686455213
14.592,0.020463,0.02143899298406713
14.624,0.0282875,0.021343438075190825
14.656,0.0247985,0.021248393544121405
14.688,0.0257457,0.021153877703426777
14.72,0.019838,0.02105991113052297
14.752,0.0198963,0.02096651618048785
14.784,0.00821428,0.020873716483650884
14.816,0.0285952,0.020781536436518443
14.848,0.0166312,0.020690000694476948
14.88,0.0204198,0.020599133674464996
14.912,0.00998696,0.020508959075427213
14.944,0.0242759,0.020419499423868597
14.976,0.0204199,0.020330775651226936
15.008,0.0137011,0.020242806709087714
15.04,0.0138715,0.02015560922749198
15.072,0.0133639,0.020069197220749867
15.104,0.0115385,0.019983581844284067
15.136,0.0141921,0.019898771205106483
15.168,0.0274752,0.019814770227590695
15.2,0.00334461,0.01973158057526158
15.232,0.0086831,0.019649200628393676
15.264,0.00759245,0.01956762551630931
15.296,0.022384,0.019486847202407405
15.328,0.0124945,0.019406854619149316
15.36,0.0244866,0.019327633849488893
15.392,0.000922324,0.019249168350571888
15.424,0.0235535,0.019171439214952526
15.456,0.0255136,0.019094425464090015
15.488,0.0254972,0.019018104368501217
15.52,0.0259176,0.01894245178865941
15.552,0.00902344,0.018867442530547635
15.584,0.0135153,0.018793050709696127
15.616,0.00407118,0.018719250117557654
15.648,0.0217489,0.018646014584197408
15.68,0.00649316,0.018573318331491645
15.712,0.0175302,0.01850113631133608
15.744,0.0244516,0.018429444523751747
15.776,0.0217361,0.018358220310237434
15.808,0.0277503,0.018287442618240994
15.84,0.0403359,0.01821709223319956
15.872,0.0152846,0.01814715197521849
15.904,0.0143644,0.018077606858109913
15.936,0.0187524,0.018008444209183322
15.968,0.0230482,0.01793965374886019
16.0,0.0180136,0.017871227629861906
16.032,0.0174237,0.01780316043638392
16.064,0.0183862,0.017735449144308205
16.096,0.0029003,0.017668093044112196
16.128,0.0289028,0.017601093628695295
16.16,0.0158828,0.01753445444885598
16.192,0.0195328,0.017468180939607496
16.224,0.0187113,0.017402280220910508
16.256,0.0263879,0.017336760876723964
16.288,0.0169335,0.017271632716525896
16.32,0.00989283,0.017206906523633034
16.352,0.0165789,0.017142593794749424
