Time Real

0 0
1024 0.0462438
2048 0.0634195
3072 0.114705
4096 0.180272
5120 0.227536
6144 0.243036
7168 0.219257
8192 0.278059
9216 0.306305
10240 0.294908
11264 0.361571
12288 0.354956
13312 0.38937
14336 0.365673
15360 0.408627
16384 0.389789
17408 0.456806
18432 0.446446
19456 0.465938
20480 0.490534
21504 0.521205
22528 0.523725
23552 0.524064
24576 0.50876
25600 0.565222
26624 0.596706
27648 0.547176
28672 0.615276
29696 0.58816
30720 0.592437
31744 0.582129
32768 0.638099
33792 0.613008
34816 0.63312
35840 0.677007
36864 0.642749
37888 0.667909
38912 0.66728
39936 0.721452
40960 0.693608
41984 0.678894
43008 0.674612
44032 0.703919
45056 0.691918
46080 0.738468
47104 0.740052
48128 0.710049
49152 0.710955
50176 0.761466
51200 0.711169
52224 0.764039
53248 0.771434
54272 0.773264
55296 0.762339
56320 0.788203
57344 0.77865
58368 0.780884
59392 0.797005
60416 0.784617
61440 0.776398
62464 0.785834
63488 0.775527
64512 0.792255
65536 0.779418
66560 0.794321
67584 0.79571
68608 0.808657
69632 0.7818
70656 0.830036
71680 0.853267
72704 0.815245
73728 0.809411
74752 0.802066
75776 0.793416
76800 0.825242
77824 0.837273
78848 0.86045
79872 0.859424
80896 0.81038
81920 0.850533
82944 0.781002
83968 0.849915
84992 0.822459
86016 0.820518
87040 0.804212
88064 0.82375
89088 0.826603
90112 0.877483
91136 0.826019
92160 0.878408
93184 0.819195
94208 0.832917
95232 0.825674
96256 0.878317
97280 0.866949
98304 0.867546
99328 0.848839
100352 0.865285
101376 0.888049
102400 0.882369
103424 0.871177
104448 0.87479
105472 0.890412
106496 0.88384
107520 0.899595
108544 0.840222
109568 0.81227
110592 0.852375
111616 0.866973
112640 0.896349
113664 0.855649
114688 0.863796
115712 0.890187
116736 0.887867
117760 0.883828
118784 0.885776
119808 0.875677
120832 0.872109
121856 0.903568
122880 0.899113
123904 0.91512
124928 0.888168
125952 0.900864
126976 0.867771
128000 0.879842
129024 0.877723
130048 0.894183
131072 0.915972
132096 0.929551
133120 0.912131
134144 0.841698
135168 0.899612
136192 0.912824
137216 0.876042
138240 0.910528
139264 0.865965
140288 0.897019
141312 0.90052
142336 0.880376
143360 0.889252
144384 0.91336
145408 0.854982
146432 0.881845
147456 0.904889
148480 0.866878
149504 0.934865
150528 0.892351
151552 0.874614
152576 0.931818
153600 0.89616
154624 0.876215
155648 0.923223
156672 0.886385
157696 0.852403
158720 0.872358
159744 0.897349
160768 0.885533
161792 0.88966
162816 0.930457
163840 0.931163
164864 0.91387
165888 0.915168
166912 0.931866
167936 0.905464
168960 0.970591
169984 0.867121
171008 0.873314
172032 0.943586
173056 0.883634
174080 0.923159
175104 0.885337
176128 0.898191
177152 0.905511
178176 0.886006
179200 0.93795
180224 0.885911
181248 0.916032
182272 0.887326
183296 0.890143
184320 0.907999
185344 0.899924
186368 0.934054
187392 0.889672
188416 0.84207
189440 0.846754
190464 0.9154
191488 0.892143
192512 0.922478
193536 0.859778
194560 0.898353
195584 0.904853
196608 0.903711
197632 0.924157
198656 0.927087
199680 0.907508
200704 0.919526
201728 0.902642
202752 0.895042
203776 0.887212
204800 0.884479
205824 0.939981
206848 0.903039
207872 0.94123
208896 0.905613
209920 0.895807
210944 0.883608
211968 0.935464
212992 0.857194
214016 0.930139
215040 0.890874
216064 0.895042
217088 0.927217
218112 0.859717
219136 0.902325
220160 0.93984
221184 0.892013
222208 0.926419
223232 0.909133
224256 0.860712
225280 0.878457
226304 0.971424
227328 0.929809
228352 0.909041
229376 0.901999
230400 0.863978
231424 0.925628
232448 0.888431
233472 0.938657
234496 0.923569
235520 0.921458
236544 0.91335
237568 0.872886
238592 0.879856
239616 0.932665
240640 0.852848
241664 0.898015
242688 0.908335
243712 0.93303
244736 0.882558
245760 0.938543
246784 0.884763
247808 0.909554
248832 0.890783
249856 0.91407
250880 0.890808
251904 0.906803
252928 0.89705
253952 0.876229
254976 0.913577
256000 0.91162
257024 0.908612
258048 0.879215
259072 0.917596
260096 0.951153
261120 0.919559
262144 0.880274
263168 0.919499
264192 0.950818
265216 0.900297
266240 0.882926
267264 0.937282
268288 0.857895
269312 0.912811
270336 0.93759
271360 0.883708
272384 0.892542
273408 0.922849
274432 0.928141
275456 0.899633
276480 0.906475
277504 0.922497
278528 0.898728
279552 0.95668
280576 0.913346
281600 0.881196
282624 0.897279
283648 0.854046
284672 0.888116
285696 0.902103
286720 0.890996
287744 0.891998
288768 0.937255
289792 0.945487
290816 0.907042
291840 0.912439
292864 0.884595
293888 0.913784
294912 0.947626
295936 0.898177
296960 0.903592
297984 0.919702
299008 0.9593
300032 0.904248
301056 0.953618
302080 0.933505
303104 0.93885
304128 0.90006
305152 0.879847
306176 0.888387
307200 0.935583
308224 0.955668
309248 0.894958
310272 0.959414
311296 0.940441
312320 0.892575
313344 0.886726
314368 0.957795
315392 0.883098
316416 0.923255
317440 0.93996
318464 0.897738
319488 0.93782
320512 0.881349
321536 0.887334
322560 0.90445
323584 0.875889
324608 0.929894
325632 0.906868
326656 0.916235
327680 0.881948
328704 0.902791
329728 0.923368
330752 0.889298
331776 0.944886
332800 0.879444
333824 0.890948
334848 0.904637
335872 0.926848
336896 0.940265
337920 0.884055
338944 0.898735
339968 0.91654
340992 0.881747
342016 0.914026
343040 0.924252
344064 0.910556
345088 0.926479
346112 0.918214
347136 0.918621
348160 0.90038
349184 0.893291
350208 0.959392
351232 0.924637
352256 0.918072
353280 0.903206
354304 0.915132
355328 0.941552
356352 0.907527
357376 0.9314
358400 0.899193
359424 0.956097
360448 0.937222
361472 0.885154
362496 0.878841
363520 0.905295
364544 0.86438
365568 0.90379
366592 0.902727
367616 0.906992
368640 0.906409
369664 0.9396
370688 0.937387
371712 0.907499
372736 0.900953
373760 0.93204
374784 0.885472
375808 0.898974
376832 0.908575
377856 0.896916
378880 0.863959
379904 0.904419
380928 0.900269
381952 0.931381
382976 0.915756
384000 0.933668
385024 0.957718
386048 0.91935
387072 0.894399
388096 0.947287
389120 0.942959
390144 0.89854
391168 0.941796
392192 0.854837
393216 0.905612
394240 0.874495
395264 0.943873
396288 0.913153
397312 0.883881
398336 0.9053
399360 0.933877
400384 0.916314
401408 0.867362
402432 0.882868
403456 0.882745
404480 0.933015
405504 0.991695
406528 0.898324
407552 0.890331
408576 0.903304
409600 0.907835
410624 0.925768
411648 0.908221
412672 0.91666
413696 0.90035
414720 0.94063
415744 0.900935
416768 0.944737
417792 0.893595
418816 0.917075
419840 0.905286
420864 0.918283
421888 0.946423
422912 0.89071
423936 0.945801
424960 0.925603
425984 0.90332
427008 0.919133
428032 0.947466
429056 0.917408
430080 0.963446
431104 0.939131
432128 1
433152 0.90625
434176 0.909312
435200 0.942995
436224 0.942171
437248 0.886693
438272 0.937766
439296 0.942542
440320 0.910577
441344 0.938428
442368 0.896746
443392 0.889767
444416 0.922353
445440 0.907134
446464 0.9185
447488 0.941205
448512 0.926715
449536 0.92439
450560 0.921553
451584 0.935965
452608 0.945668
453632 0.958829
454656 0.917853
455680 0.920439
456704 0.894447
457728 0.891949
458752 0.881538
459776 0.942934
460800 0.872178
461824 0.943292
462848 0.925849
463872 0.931068
464896 0.938657
465920 0.959479
466944 0.904009
467968 0.888055
468992 0.881014
470016 0.953254
471040 0.909137
472064 0.893635
473088 0.899755
474112 0.893929
475136 0.949511
476160 0.905508
477184 0.890377
478208 0.911092
479232 0.902907
480256 0.891645
481280 0.950681
482304 0.907253
483328 0.935911
484352 0.914651
485376 0.916697
486400 0.939693
487424 0.878451
488448 0.92259
489472 0.933267
490496 0.904483
491520 0.917952
492544 0.951014
493568 0.924344
494592 0.926476
495616 0.904351
496640 0.940394
497664 0.880277
498688 0.920402
499712 0.909042
500736 0.941849
501760 0.900903
502784 0.911509
503808 0.96447
504832 0.880386
505856 0.921767
506880 0.923833
507904 0.930939
508928 0.882733
509952 0.920155
510976 0.904689
512000 0.916594
513024 0.936504
514048 0.948477
515072 0.932431
516096 0.920994
517120 0.885253
518144 0.953567
519168 0.928895
520192 0.922342
521216 0.912137
522240 0.907331
523264 0.896364
524288 0.941174
525312 0.882918
526336 0.901389
527360 0.887162
528384 0.961325
529408 0.934726
530432 0.879557
531456 0.957832
532480 0.932572
533504 0.899819
534528 0.857308
535552 0.9133
536576 0.912945
537600 0.881291
538624 0.903721
539648 0.905615
540672 0.93095
541696 0.937702
542720 0.905341
543744 0.949877
544768 0.878215
545792 0.88268
546816 0.906417
547840 0.965991
548864 0.901884
549888 0.881014
550912 0.920274
551936 0.879918
552960 0.876894
553984 0.911016
555008 0.876809
556032 0.927143
557056 0.864701
558080 0.92292
559104 0.907674
560128 0.863798
561152 0.899969
562176 0.955755
563200 0.919053
564224 0.917924
565248 0.932479
566272 0.934666
567296 0.921277
568320 0.907183
569344 0.918254
570368 0.908229
571392 0.938652
572416 0.933643
573440 0.905052
574464 0.925514
575488 0.920076
576512 0.923527
577536 0.906704
578560 0.952504
579584 0.922098
580608 0.885068
581632 0.935681
582656 0.882473
583680 0.914349
584704 0.90457
585728 0.885131
586752 0.939938
587776 0.920959
588800 0.916488
589824 0.938794
590848 0.933511
591872 0.889237
592896 0.869786
593920 0.89706
594944 0.875352
595968 0.923434
596992 0.871684
598016 0.903424
599040 0.890594
600064 0.873356
601088 0.872079
602112 0.894643
603136 0.900274
604160 0.888138
605184 0.902815
606208 0.951546
607232 0.916066
608256 0.906974
609280 0.935141
610304 0.905555
611328 0.934554
612352 0.888414
613376 0.923724
614400 0.930932
615424 0.901906
616448 0.930797
617472 0.918222
618496 0.911902
619520 0.901933
620544 0.946358
621568 0.949439
622592 0.922392
623616 0.888939
624640 0.904027
625664 0.889537
626688 0.953535
627712 0.924138
628736 0.915759
629760 0.893604
630784 0.898669
631808 0.936195
632832 0.916178
633856 0.915685
634880 0.944724
635904 0.89638
636928 0.913154
637952 0.943143
638976 0.924994
640000 0.948718
641024 0.908849
642048 0.861473
643072 0.88596
644096 0.880413
645120 0.948657
646144 0.936591
647168 0.91737
648192 0.954402
649216 0.902216
650240 0.891126
651264 0.961741
652288 0.935342
653312 0.894672
654336 0.91399
655360 0.930194
656384 0.902489
657408 0.9027
658432 0.883463
659456 0.880262
660480 0.90775
661504 0.912556
662528 0.899279
663552 0.931677
664576 0.878419
665600 0.915524
666624 0.890381
667648 0.926917
668672 0.920565
669696 0.894254
670720 0.891758
671744 0.936292
672768 0.926538
673792 0.924724
674816 0.948291
675840 0.896213
676864 0.965776
677888 0.912505
678912 0.925121
679936 0.937984
680960 0.931378
681984 0.886848
683008 0.884655
684032 0.902055
685056 0.8769
686080 0.906056
687104 0.908683
688128 0.927597
689152 0.86774
690176 0.884618
691200 0.919482
692224 0.918054
693248 0.902247
694272 0.90615
695296 0.920185
696320 0.930049
697344 0.904391
698368 0.928077
699392 0.950125
700416 0.952346
701440 0.863597
702464 0.941465
703488 0.945542
704512 0.935838
705536 0.919975
706560 0.909826
707584 0.879455
708608 0.952529
709632 0.917737
710656 0.906408
711680 0.877502
712704 0.902504
713728 0.918572
714752 0.909656
715776 0.892559
716800 0.935202
717824 0.925691
718848 0.885456
719872 0.928621
720896 0.933255
721920 0.867786
722944 0.945925
723968 0.936202
724992 0.938692
726016 0.904376
727040 0.96043
728064 0.896918
729088 0.924585
730112 0.928616
731136 0.942523
732160 0.908627
733184 0.894698
734208 0.933483
735232 0.930042
736256 0.873296
737280 0.895172
738304 0.930219
739328 0.934982
740352 0.920397
741376 0.865423
742400 0.956657
743424 0.918871
744448 0.863626
745472 0.919456
746496 0.924358
747520 0.919911
748544 0.938098
749568 0.910915
750592 0.893121
751616 0.91963
752640 0.928424
753664 0.90015
754688 0.872798
755712 0.886558
756736 0.916196
757760 0.906972
758784 0.881392
759808 0.942463
760832 0.936928
761856 0.909401
762880 0.924673
763904 0.930318
764928 0.893136
765952 0.884343
766976 0.924317
768000 0.927395
769024 0.873825
770048 0.889117
771072 0.906325
772096 0.884145
773120 0.860989
774144 0.90923
775168 0.889663
776192 0.895599
777216 0.931969
778240 0.873818
779264 0.939065
780288 0.927404
781312 0.89836
782336 0.917541
783360 0.883787
784384 0.919292
785408 0.871963
786432 0.904416
787456 0.934274
788480 0.935358
789504 0.902501
790528 0.906199
791552 0.924156
792576 0.879816
793600 0.902064
794624 0.915484
795648 0.903961
796672 0.937243
797696 0.887312
798720 0.947834
799744 0.897099
800768 0.888328
801792 0.952622
802816 0.915584
803840 0.873681
804864 0.919272
805888 0.912565
806912 0.906183
807936 0.914625
808960 0.873039
809984 0.918408
811008 0.915661
812032 0.908187
813056 0.933386
814080 0.90273
815104 0.885543
816128 0.90582
817152 0.93007
818176 0.929015
819200 0.924376
820224 0.908269
821248 0.936112
822272 0.898422
823296 0.926635
824320 0.87988
825344 0.903087
826368 0.887404
827392 0.894077
828416 0.922879
829440 0.947377
830464 0.91392
831488 0.920813
832512 0.921586
833536 0.906075
834560 0.902292
835584 0.928681
836608 0.912096
837632 0.919645
838656 0.887903
839680 0.87419
840704 0.954858
841728 0.962899
842752 0.894648
843776 0.879163
844800 0.908466
845824 0.865424
846848 0.91978
847872 0.92872
848896 0.91187
849920 0.873146
850944 0.917434
851968 0.908405
852992 0.854476
854016 0.888059
855040 0.88303
856064 0.889405
857088 0.912307
858112 0.932656
859136 0.908812
860160 0.920321
861184 0.945732
862208 0.879441
863232 0.91136
864256 0.914731
865280 0.928892
866304 0.911588
867328 0.903111
868352 0.912963
869376 0.917873
870400 0.893833
871424 0.952576
872448 0.91913
873472 0.900436
874496 0.882751
875520 0.869249
876544 0.888429
877568 0.891148
878592 0.916327
879616 0.937814
880640 0.908652
881664 0.968278
882688 0.887374
883712 0.922855
884736 0.912461
885760 0.888217
886784 0.904574
887808 0.924191
888832 0.91224
889856 0.913859
890880 0.924226
891904 0.901759
892928 0.95019
893952 0.867512
894976 0.935807
896000 0.891599
897024 0.909849
898048 0.912672
899072 0.872957
900096 0.898969
901120 0.881197
902144 0.901243
903168 0.921876
904192 0.863736
905216 0.943115
906240 0.892369
907264 0.885902
908288 0.908077
909312 0.874937
910336 0.901229
911360 0.917261
912384 0.892624
913408 0.86434
914432 0.934112
915456 0.902366
916480 0.9048
917504 0.92732
918528 0.882275
919552 0.906189
920576 0.950431
921600 0.897923
922624 0.914541
923648 0.931319
924672 0.896671
925696 0.871068
926720 0.849286
927744 0.93124
928768 0.89033
929792 0.890566
930816 0.89815
931840 0.916568
932864 0.885935
933888 0.902808
934912 0.940109
935936 0.901011
936960 0.89408
937984 0.922802
939008 0.890371
940032 0.961889
941056 0.928243
942080 0.934946
943104 0.930354
944128 0.883501
945152 0.887977
946176 0.929625
947200 0.88158
948224 0.945629
949248 0.933748
950272 0.943258
951296 0.913874
952320 0.875977
953344 0.938293
954368 0.895651
955392 0.964643
956416 0.907967
957440 0.885441
958464 0.936554
959488 0.914713
960512 0.95723
961536 0.881649
962560 0.89044
963584 0.921478
964608 0.893743
965632 0.919178
966656 0.893181
967680 0.885177
968704 0.924527
969728 0.916123
970752 0.891196
971776 0.895696
972800 0.947462
973824 0.895759
974848 0.887357
975872 0.924228
976896 0.898458
977920 0.942887
978944 0.938676
979968 0.934356
980992 0.899567
982016 0.900156
983040 0.921863
984064 0.883648
985088 0.907597
986112 0.893202
987136 0.902263
988160 0.961072
989184 0.902772
990208 0.906108
991232 0.935272
992256 0.898819
993280 0.899278
994304 0.908406
995328 0.892827
996352 0.911037
997376 0.89544
998400 0.912772
999424 0.917821
1.00045e+06 0.923287
1.00147e+06 0.911859
1.0025e+06 0.923775
1.00352e+06 0.916065
1.00454e+06 0.926119
1.00557e+06 0.898099
1.00659e+06 0.948849
1.00762e+06 0.941844
1.00864e+06 0.926553
1.00966e+06 0.883452
1.01069e+06 0.928872
1.01171e+06 0.865736
1.01274e+06 0.89171
1.01376e+06 0.894674
1.01478e+06 0.927252
1.01581e+06 0.91584
1.01683e+06 0.960911
1.01786e+06 0.88089
1.01888e+06 0.944762
1.0199e+06 0.879822
1.02093e+06 0.910049
1.02195e+06 0.98003
1.02298e+06 0.906848
1.024e+06 0.845162
1.02502e+06 0.904061
1.02605e+06 0.917363
1.02707e+06 0.877064
1.0281e+06 0.897417
1.02912e+06 0.907316
1.03014e+06 0.89535
1.03117e+06 0.906324
1.03219e+06 0.89776
1.03322e+06 0.87834
1.03424e+06 0.889516
1.03526e+06 0.916781
1.03629e+06 0.919122
1.03731e+06 0.883102
1.03834e+06 0.907172
1.03936e+06 0.891602
1.04038e+06 0.924934
1.04141e+06 0.868306
1.04243e+06 0.959107
1.04346e+06 0.92802
1.04448e+06 0.9497
1.0455e+06 0.927607
1.04653e+06 0.928132
1.04755e+06 0.920283
