Time Real

0 0
8192 0.0718314
16384 0.101995
24576 0.122225
32768 0.147592
40960 0.15447
49152 0.167435
57344 0.195668
65536 0.201961
73728 0.232405
81920 0.236073
90112 0.252946
98304 0.240602
106496 0.280136
114688 0.278893
122880 0.284874
131072 0.287311
139264 0.316935
147456 0.296461
155648 0.351346
163840 0.340295
172032 0.330306
180224 0.360062
188416 0.345865
196608 0.357183
204800 0.384437
212992 0.402183
221184 0.389111
229376 0.400866
237568 0.408532
245760 0.403592
253952 0.412506
262144 0.430623
270336 0.434187
278528 0.41905
286720 0.45926
294912 0.454023
303104 0.455963
311296 0.463882
319488 0.46846
327680 0.462039
335872 0.483137
344064 0.509846
352256 0.498765
360448 0.500842
368640 0.492912
376832 0.49184
385024 0.519432
393216 0.52123
401408 0.509822
409600 0.539746
417792 0.531355
425984 0.534878
434176 0.535986
442368 0.550531
450560 0.529806
458752 0.562913
466944 0.558487
475136 0.557685
483328 0.566471
491520 0.576358
499712 0.571156
507904 0.574075
516096 0.607908
524288 0.569369
532480 0.582663
540672 0.572719
548864 0.5794
557056 0.612745
565248 0.623326
573440 0.591549
581632 0.596833
589824 0.620195
598016 0.614254
606208 0.613723
614400 0.638695
622592 0.64667
630784 0.613078
638976 0.622814
647168 0.632515
655360 0.647246
663552 0.630862
671744 0.654568
679936 0.649016
688128 0.667355
696320 0.651251
704512 0.665021
712704 0.669286
720896 0.656595
729088 0.663032
737280 0.671362
745472 0.67273
753664 0.685964
761856 0.675685
770048 0.697284
778240 0.670058
786432 0.679766
794624 0.704251
802816 0.67913
811008 0.68866
819200 0.680885
827392 0.696355
835584 0.698409
843776 0.69572
851968 0.68874
860160 0.698617
868352 0.70676
876544 0.721681
884736 0.699429
892928 0.725954
901120 0.705012
909312 0.738078
917504 0.717303
925696 0.73349
933888 0.738518
942080 0.714884
950272 0.741501
958464 0.741389
966656 0.734777
974848 0.720118
983040 0.746724
991232 0.752084
999424 0.732291
1.00762e+06 0.729922
1.01581e+06 0.762329
1.024e+06 0.761722
1.03219e+06 0.762909
1.04038e+06 0.756842
1.04858e+06 0.769951
1.05677e+06 0.751114
1.06496e+06 0.770458
1.07315e+06 0.769338
1.08134e+06 0.785607
1.08954e+06 0.771497
1.09773e+06 0.761284
1.10592e+06 0.763936
1.11411e+06 0.766987
1.1223e+06 0.764158
1.1305e+06 0.786384
1.13869e+06 0.785226
1.14688e+06 0.761192
1.15507e+06 0.771802
1.16326e+06 0.797526
1.17146e+06 0.796166
1.17965e+06 0.793453
1.18784e+06 0.786248
1.19603e+06 0.790873
1.20422e+06 0.772857
1.21242e+06 0.77792
1.22061e+06 0.793465
1.2288e+06 0.785826
1.23699e+06 0.818936
1.24518e+06 0.79167
1.25338e+06 0.793214
1.26157e+06 0.791129
1.26976e+06 0.781293
1.27795e+06 0.789427
1.28614e+06 0.806543
1.29434e+06 0.798286
1.30253e+06 0.806166
1.31072e+06 0.788316
1.31891e+06 0.81172
1.3271e+06 0.82366
1.3353e+06 0.797073
1.34349e+06 0.826782
1.35168e+06 0.817339
1.35987e+06 0.829099
1.36806e+06 0.818648
1.37626e+06 0.816386
1.38445e+06 0.821411
1.39264e+06 0.806781
1.40083e+06 0.821371
1.40902e+06 0.816363
1.41722e+06 0.803976
1.42541e+06 0.82158
1.4336e+06 0.80923
1.44179e+06 0.812157
1.44998e+06 0.832973
1.45818e+06 0.830408
1.46637e+06 0.83328
1.47456e+06 0.827782
1.48275e+06 0.827362
1.49094e+06 0.834701
1.49914e+06 0.838627
1.50733e+06 0.858597
1.51552e+06 0.837929
1.52371e+06 0.821973
1.5319e+06 0.831058
1.5401e+06 0.822542
1.54829e+06 0.828546
1.55648e+06 0.84762
1.56467e+06 0.841449
1.57286e+06 0.842878
1.58106e+06 0.858343
1.58925e+06 0.846048
1.59744e+06 0.850464
1.60563e+06 0.836835
1.61382e+06 0.830081
1.62202e+06 0.846264
1.63021e+06 0.843613
1.6384e+06 0.850974
1.64659e+06 0.849645
1.65478e+06 0.859765
1.66298e+06 0.860904
1.67117e+06 0.860749
1.67936e+06 0.850736
1.68755e+06 0.856234
1.69574e+06 0.849963
1.70394e+06 0.864716
1.71213e+06 0.865947
1.72032e+06 0.870957
1.72851e+06 0.860003
1.7367e+06 0.851724
1.7449e+06 0.848298
1.75309e+06 0.85269
1.76128e+06 0.848761
1.76947e+06 0.849806
1.77766e+06 0.852287
1.78586e+06 0.853264
1.79405e+06 0.868506
1.80224e+06 0.858819
1.81043e+06 0.873528
1.81862e+06 0.877357
1.82682e+06 0.869609
1.83501e+06 0.862622
1.8432e+06 0.880301
1.85139e+06 0.871622
1.85958e+06 0.868217
1.86778e+06 0.865991
1.87597e+06 0.869445
1.88416e+06 0.878542
1.89235e+06 0.861187
1.90054e+06 0.88425
1.90874e+06 0.868851
1.91693e+06 0.88498
1.92512e+06 0.860619
1.93331e+06 0.891016
1.9415e+06 0.855984
1.9497e+06 0.877135
1.95789e+06 0.869175
1.96608e+06 0.872441
1.97427e+06 0.878969
1.98246e+06 0.866692
1.99066e+06 0.894736
1.99885e+06 0.883573
2.00704e+06 0.861241
2.01523e+06 0.890556
2.02342e+06 0.86312
2.03162e+06 0.877827
2.03981e+06 0.895185
2.048e+06 0.893673
2.05619e+06 0.886064
2.06438e+06 0.870313
2.07258e+06 0.873503
2.08077e+06 0.885289
2.08896e+06 0.893729
2.09715e+06 0.888467
2.10534e+06 0.889152
2.11354e+06 0.877371
2.12173e+06 0.896193
2.12992e+06 0.887644
2.13811e+06 0.896662
2.1463e+06 0.866638
2.1545e+06 0.887772
2.16269e+06 0.886454
2.17088e+06 0.891996
2.17907e+06 0.888477
2.18726e+06 0.89147
2.19546e+06 0.91013
2.20365e+06 0.891592
2.21184e+06 0.904454
2.22003e+06 0.916571
2.22822e+06 0.886471
2.23642e+06 0.901428
2.24461e+06 0.909123
2.2528e+06 0.872431
2.26099e+06 0.891766
2.26918e+06 0.903924
2.27738e+06 0.884944
2.28557e+06 0.915194
2.29376e+06 0.891442
2.30195e+06 0.899061
2.31014e+06 0.905281
2.31834e+06 0.904257
2.32653e+06 0.902055
2.33472e+06 0.902316
2.34291e+06 0.890934
2.3511e+06 0.903449
2.3593e+06 0.901386
2.36749e+06 0.908341
2.37568e+06 0.898708
2.38387e+06 0.915972
2.39206e+06 0.897377
2.40026e+06 0.913222
2.40845e+06 0.909637
2.41664e+06 0.903711
2.42483e+06 0.899918
2.43302e+06 0.901319
2.44122e+06 0.906486
2.44941e+06 0.905064
2.4576e+06 0.911988
2.46579e+06 0.908478
2.47398e+06 0.907434
2.48218e+06 0.90101
2.49037e+06 0.924481
2.49856e+06 0.920381
2.50675e+06 0.920347
2.51494e+06 0.912768
2.52314e+06 0.933999
2.53133e+06 0.906122
2.53952e+06 0.916942
2.54771e+06 0.932526
2.5559e+06 0.90631
2.5641e+06 0.905151
2.57229e+06 0.934247
2.58048e+06 0.913497
2.58867e+06 0.912087
2.59686e+06 0.91599
2.60506e+06 0.914021
2.61325e+06 0.925418
2.62144e+06 0.941843
2.62963e+06 0.936692
2.63782e+06 0.931891
2.64602e+06 0.89977
2.65421e+06 0.929497
2.6624e+06 0.916431
2.67059e+06 0.936288
2.67878e+06 0.903506
2.68698e+06 0.912645
2.69517e+06 0.918514
2.70336e+06 0.918627
2.71155e+06 0.931869
2.71974e+06 0.919491
2.72794e+06 0.927473
2.73613e+06 0.917636
2.74432e+06 0.920861
2.75251e+06 0.918999
2.7607e+06 0.916073
2.7689e+06 0.930971
2.77709e+06 0.923248
2.78528e+06 0.939381
2.79347e+06 0.931862
2.80166e+06 0.931147
2.80986e+06 0.926284
2.81805e+06 0.918552
2.82624e+06 0.917079
2.83443e+06 0.922298
2.84262e+06 0.931778
2.85082e+06 0.929499
2.85901e+06 0.916702
2.8672e+06 0.93749
2.87539e+06 0.92355
2.88358e+06 0.94317
2.89178e+06 0.933683
2.89997e+06 0.931171
2.90816e+06 0.926821
2.91635e+06 0.906221
2.92454e+06 0.928545
2.93274e+06 0.936313
2.94093e+06 0.926962
2.94912e+06 0.921636
2.95731e+06 0.939013
2.9655e+06 0.934074
2.9737e+06 0.920459
2.98189e+06 0.929751
2.99008e+06 0.944329
2.99827e+06 0.940819
3.00646e+06 0.942801
3.01466e+06 0.92662
3.02285e+06 0.938481
3.03104e+06 0.922003
3.03923e+06 0.944774
3.04742e+06 0.925101
3.05562e+06 0.939413
3.06381e+06 0.940193
3.072e+06 0.934885
3.08019e+06 0.948126
3.08838e+06 0.935127
3.09658e+06 0.934275
3.10477e+06 0.927691
3.11296e+06 0.952143
3.12115e+06 0.962715
3.12934e+06 0.957039
3.13754e+06 0.929119
3.14573e+06 0.939338
3.15392e+06 0.943392
3.16211e+06 0.941976
3.1703e+06 0.952811
3.1785e+06 0.92796
3.18669e+06 0.933888
3.19488e+06 0.924862
3.20307e+06 0.948801
3.21126e+06 0.950331
3.21946e+06 0.949303
3.22765e+06 0.930208
3.23584e+06 0.922728
3.24403e+06 0.941698
3.25222e+06 0.945267
3.26042e+06 0.932296
3.26861e+06 0.944957
3.2768e+06 0.948183
3.28499e+06 0.928107
3.29318e+06 0.947489
3.30138e+06 0.935115
3.30957e+06 0.95134
3.31776e+06 0.938197
3.32595e+06 0.946337
3.33414e+06 0.930711
3.34234e+06 0.943223
3.35053e+06 0.94313
3.35872e+06 0.932715
3.36691e+06 0.933089
3.3751e+06 0.945919
3.3833e+06 0.964941
3.39149e+06 0.920108
3.39968e+06 0.947718
3.40787e+06 0.941631
3.41606e+06 0.943726
3.42426e+06 0.946679
3.43245e+06 0.94632
3.44064e+06 0.952831
3.44883e+06 0.943492
3.45702e+06 0.948808
3.46522e+06 0.952688
3.47341e+06 0.940984
3.4816e+06 0.966063
3.48979e+06 0.955954
3.49798e+06 0.95582
3.50618e+06 0.9279
3.51437e+06 0.930884
3.52256e+06 0.942473
3.53075e+06 0.929569
3.53894e+06 0.942008
3.54714e+06 0.937322
3.55533e+06 0.936556
3.56352e+06 0.9568
3.57171e+06 0.962577
3.5799e+06 0.927201
3.5881e+06 0.942959
3.59629e+06 0.958357
3.60448e+06 0.939067
3.61267e+06 0.943237
3.62086e+06 0.948704
3.62906e+06 0.951635
3.63725e+06 0.94201
3.64544e+06 0.935446
3.65363e+06 0.962935
3.66182e+06 0.955499
3.67002e+06 0.957949
3.67821e+06 0.951123
3.6864e+06 0.947133
3.69459e+06 0.932509
3.70278e+06 0.963374
3.71098e+06 0.963414
3.71917e+06 0.940198
3.72736e+06 0.936008
3.73555e+06 0.953146
3.74374e+06 0.938482
3.75194e+06 0.943711
3.76013e+06 0.922916
3.76832e+06 0.949421
3.77651e+06 0.948033
3.7847e+06 0.948953
3.7929e+06 0.957377
3.80109e+06 0.9518
3.80928e+06 0.959687
3.81747e+06 0.950232
3.82566e+06 0.963956
3.83386e+06 0.946362
3.84205e+06 0.932293
3.85024e+06 0.952912
3.85843e+06 0.940711
3.86662e+06 0.962995
3.87482e+06 0.967699
3.88301e+06 0.953028
3.8912e+06 0.942658
3.89939e+06 0.94598
3.90758e+06 0.957002
3.91578e+06 0.956826
3.92397e+06 0.957321
3.93216e+06 0.957237
3.94035e+06 0.952071
3.94854e+06 0.96266
3.95674e+06 0.953389
3.96493e+06 0.947858
3.97312e+06 0.932528
3.98131e+06 0.954918
3.9895e+06 0.942627
3.9977e+06 0.962029
4.00589e+06 0.951127
4.01408e+06 0.929714
4.02227e+06 0.951148
4.03046e+06 0.947941
4.03866e+06 0.952051
4.04685e+06 0.942944
4.05504e+06 0.963662
4.06323e+06 0.975825
4.07142e+06 0.949151
4.07962e+06 0.96338
4.08781e+06 0.945123
4.096e+06 0.953005
4.10419e+06 0.961433
4.11238e+06 0.951477
4.12058e+06 0.936937
4.12877e+06 0.96193
4.13696e+06 0.964414
4.14515e+06 0.940767
4.15334e+06 0.953056
4.16154e+06 0.94915
4.16973e+06 0.956666
4.17792e+06 0.967396
4.18611e+06 0.955265
4.1943e+06 0.951596
4.2025e+06 0.950303
4.21069e+06 0.936033
4.21888e+06 0.960664
4.22707e+06 0.955233
4.23526e+06 0.965032
4.24346e+06 0.954855
4.25165e+06 0.956262
4.25984e+06 0.960076
4.26803e+06 0.967424
4.27622e+06 0.958145
4.28442e+06 0.940937
4.29261e+06 0.938654
4.3008e+06 0.947259
4.30899e+06 0.959085
4.31718e+06 0.957159
4.32538e+06 0.961239
4.33357e+06 0.951086
4.34176e+06 0.966748
4.34995e+06 0.94238
4.35814e+06 0.973688
4.36634e+06 0.954048
4.37453e+06 0.966555
4.38272e+06 0.947491
4.39091e+06 0.94367
4.3991e+06 0.97856
4.4073e+06 0.955628
4.41549e+06 0.941096
4.42368e+06 0.947733
4.43187e+06 0.943223
4.44006e+06 0.949671
4.44826e+06 0.958163
4.45645e+06 0.963105
4.46464e+06 0.958322
4.47283e+06 0.963227
4.48102e+06 0.95882
4.48922e+06 0.950443
4.49741e+06 0.950023
4.5056e+06 0.942
4.51379e+06 0.941805
4.52198e+06 0.955524
4.53018e+06 0.951529
4.53837e+06 0.950284
4.54656e+06 0.939444
4.55475e+06 0.953029
4.56294e+06 0.976274
4.57114e+06 0.960596
4.57933e+06 0.968031
4.58752e+06 0.957725
4.59571e+06 0.953371
4.6039e+06 0.947734
4.6121e+06 0.957634
4.62029e+06 0.958129
4.62848e+06 0.968038
4.63667e+06 0.95907
4.64486e+06 0.953362
4.65306e+06 0.961408
4.66125e+06 0.948844
4.66944e+06 0.950524
4.67763e+06 0.959017
4.68582e+06 0.974972
4.69402e+06 0.964986
4.70221e+06 0.956498
4.7104e+06 0.964648
4.71859e+06 0.95257
4.72678e+06 0.945022
4.73498e+06 0.973926
4.74317e+06 0.961764
4.75136e+06 0.958648
4.75955e+06 0.959872
4.76774e+06 0.962226
4.77594e+06 0.957581
4.78413e+06 0.97505
4.79232e+06 0.974323
4.80051e+06 0.966855
4.8087e+06 0.965502
4.8169e+06 0.957657
4.82509e+06 0.972771
4.83328e+06 0.947355
4.84147e+06 0.960974
4.84966e+06 0.956844
4.85786e+06 0.953818
4.86605e+06 0.97308
4.87424e+06 0.957898
4.88243e+06 0.95917
4.89062e+06 0.951393
4.89882e+06 0.966389
4.90701e+06 0.97288
4.9152e+06 0.965562
4.92339e+06 0.967341
4.93158e+06 0.956515
4.93978e+06 0.958754
4.94797e+06 0.967143
4.95616e+06 0.953244
4.96435e+06 0.959461
4.97254e+06 0.955679
4.98074e+06 0.94527
4.98893e+06 0.960585
4.99712e+06 0.967582
5.00531e+06 0.948808
5.0135e+06 0.957733
5.0217e+06 0.964807
5.02989e+06 0.958478
5.03808e+06 0.970061
5.04627e+06 0.936457
5.05446e+06 0.966698
5.06266e+06 0.974226
5.07085e+06 0.976429
5.07904e+06 0.967526
5.08723e+06 0.960674
5.09542e+06 0.963165
5.10362e+06 0.977144
5.11181e+06 0.949081
5.12e+06 0.969071
5.12819e+06 0.962319
5.13638e+06 0.96759
5.14458e+06 0.956134
5.15277e+06 0.96305
5.16096e+06 0.971049
5.16915e+06 0.959597
5.17734e+06 0.963674
5.18554e+06 0.950625
5.19373e+06 0.96566
5.20192e+06 0.969385
5.21011e+06 0.961943
5.2183e+06 0.964136
5.2265e+06 0.969687
5.23469e+06 0.98241
5.24288e+06 0.968723
5.25107e+06 0.968685
5.25926e+06 0.98618
5.26746e+06 0.967723
5.27565e+06 0.985093
5.28384e+06 0.966052
5.29203e+06 0.974958
5.30022e+06 0.970593
5.30842e+06 0.974044
5.31661e+06 0.96028
5.3248e+06 0.972512
5.33299e+06 0.956485
5.34118e+06 0.962256
5.34938e+06 0.965802
5.35757e+06 0.978098
5.36576e+06 0.978525
5.37395e+06 0.964342
5.38214e+06 0.990303
5.39034e+06 0.959153
5.39853e+06 0.973331
5.40672e+06 0.974444
5.41491e+06 0.970575
5.4231e+06 0.974276
5.4313e+06 0.982281
5.43949e+06 0.957492
5.44768e+06 0.966647
5.45587e+06 0.978716
5.46406e+06 0.95561
5.47226e+06 0.954921
5.48045e+06 0.961903
5.48864e+06 0.963558
5.49683e+06 0.954844
5.50502e+06 0.951438
5.51322e+06 0.963255
5.52141e+06 0.955344
5.5296e+06 0.985738
5.53779e+06 0.964668
5.54598e+06 0.96707
5.55418e+06 0.968539
5.56237e+06 0.954475
5.57056e+06 0.983228
5.57875e+06 0.974857
5.58694e+06 0.988516
5.59514e+06 0.966555
5.60333e+06 0.961707
5.61152e+06 0.975948
5.61971e+06 0.976129
5.6279e+06 0.971385
5.6361e+06 0.974561
5.64429e+06 0.977106
5.65248e+06 0.991308
5.66067e+06 0.983657
5.66886e+06 0.981516
5.67706e+06 0.967685
5.68525e+06 0.972707
5.69344e+06 0.980712
5.70163e+06 0.985884
5.70982e+06 0.969933
5.71802e+06 0.989489
5.72621e+06 0.970714
5.7344e+06 0.961551
5.74259e+06 0.962484
5.75078e+06 0.965164
5.75898e+06 0.985967
5.76717e+06 0.969316
5.77536e+06 0.96078
5.78355e+06 0.963933
5.79174e+06 0.964451
5.79994e+06 0.965241
5.80813e+06 0.966416
5.81632e+06 0.961155
5.82451e+06 0.971788
5.8327e+06 0.985979
5.8409e+06 0.980997
5.84909e+06 0.970498
5.85728e+06 0.977858
5.86547e+06 0.964005
5.87366e+06 0.97372
5.88186e+06 0.967882
5.89005e+06 0.978417
5.89824e+06 0.970592
5.90643e+06 0.97796
5.91462e+06 0.972991
5.92282e+06 0.966069
5.93101e+06 0.954871
5.9392e+06 0.983331
5.94739e+06 0.97743
5.95558e+06 0.962027
5.96378e+06 0.973732
5.97197e+06 0.96796
5.98016e+06 0.986521
5.98835e+06 0.970431
5.99654e+06 0.960395
6.00474e+06 0.986001
6.01293e+06 0.983904
6.02112e+06 0.993699
6.02931e+06 0.966832
6.0375e+06 0.957494
6.0457e+06 0.97398
6.05389e+06 0.976906
6.06208e+06 0.962652
6.07027e+06 0.971167
6.07846e+06 0.979638
6.08666e+06 0.985324
6.09485e+06 0.962074
6.10304e+06 0.959502
6.11123e+06 0.995281
6.11942e+06 0.981608
6.12762e+06 0.958126
6.13581e+06 0.97434
6.144e+06 0.974401
6.15219e+06 0.982915
6.16038e+06 0.961976
6.16858e+06 0.972807
6.17677e+06 0.963946
6.18496e+06 0.988773
6.19315e+06 0.987374
6.20134e+06 0.976512
6.20954e+06 0.9967
6.21773e+06 0.976357
6.22592e+06 0.972735
6.23411e+06 0.965602
6.2423e+06 0.978036
6.2505e+06 0.984447
6.25869e+06 0.97751
6.26688e+06 0.975879
6.27507e+06 0.963076
6.28326e+06 0.986943
6.29146e+06 0.983748
6.29965e+06 0.96672
6.30784e+06 0.97108
6.31603e+06 0.975943
6.32422e+06 0.969955
6.33242e+06 0.989798
6.34061e+06 0.983586
6.3488e+06 0.960507
6.35699e+06 0.973647
6.36518e+06 0.984433
6.37338e+06 0.96521
6.38157e+06 0.985972
6.38976e+06 0.970741
6.39795e+06 0.963468
6.40614e+06 0.98098
6.41434e+06 0.977318
6.42253e+06 0.988421
6.43072e+06 0.969261
6.43891e+06 0.973115
6.4471e+06 0.953902
6.4553e+06 0.980264
6.46349e+06 0.976164
6.47168e+06 0.966128
6.47987e+06 0.980256
6.48806e+06 0.958315
6.49626e+06 0.978422
6.50445e+06 0.983813
6.51264e+06 0.978639
6.52083e+06 0.990672
6.52902e+06 0.985639
6.53722e+06 0.982334
6.54541e+06 0.989734
6.5536e+06 0.966738
6.56179e+06 0.969864
6.56998e+06 0.959541
6.57818e+06 0.96883
6.58637e+06 0.976204
6.59456e+06 0.973206
6.60275e+06 0.967631
6.61094e+06 0.970427
6.61914e+06 0.971355
6.62733e+06 0.967638
6.63552e+06 0.985089
6.64371e+06 0.981258
6.6519e+06 0.962952
6.6601e+06 0.978149
6.66829e+06 0.979774
6.67648e+06 0.953288
6.68467e+06 0.972431
6.69286e+06 0.969844
6.70106e+06 0.978293
6.70925e+06 0.983973
6.71744e+06 0.967489
6.72563e+06 0.958118
6.73382e+06 0.959881
6.74202e+06 0.963995
6.75021e+06 0.979371
6.7584e+06 0.96991
6.76659e+06 0.968095
6.77478e+06 0.963327
6.78298e+06 0.949223
6.79117e+06 0.968175
6.79936e+06 0.962246
6.80755e+06 0.931075
6.81574e+06 0.959292
6.82394e+06 0.962621
6.83213e+06 0.979695
6.84032e+06 0.968002
6.84851e+06 0.979488
6.8567e+06 0.955213
6.8649e+06 0.974885
6.87309e+06 0.98117
6.88128e+06 0.963184
6.88947e+06 0.947402
6.89766e+06 0.96779
6.90586e+06 0.9732
6.91405e+06 0.972555
6.92224e+06 0.977514
6.93043e+06 0.953941
6.93862e+06 0.97083
6.94682e+06 0.973837
6.95501e+06 0.954941
6.9632e+06 0.970747
6.97139e+06 0.97757
6.97958e+06 0.970029
6.98778e+06 0.972918
6.99597e+06 0.968705
7.00416e+06 0.969702
7.01235e+06 0.981462
7.02054e+06 0.960444
7.02874e+06 0.966937
7.03693e+06 0.96557
7.04512e+06 0.967212
7.05331e+06 0.977749
7.0615e+06 0.959479
7.0697e+06 0.964107
7.07789e+06 0.974534
7.08608e+06 0.959072
7.09427e+06 0.973227
7.10246e+06 0.993375
7.11066e+06 0.968
7.11885e+06 0.95134
7.12704e+06 0.974673
7.13523e+06 0.973462
7.14342e+06 0.9723
7.15162e+06 0.965914
7.15981e+06 0.975623
7.168e+06 0.988237
7.17619e+06 0.969353
7.18438e+06 0.96096
7.19258e+06 0.971582
7.20077e+06 0.983728
7.20896e+06 0.975048
7.21715e+06 0.977234
7.22534e+06 0.975939
7.23354e+06 0.967411
7.24173e+06 0.977605
7.24992e+06 0.964112
7.25811e+06 0.96311
7.2663e+06 0.963799
7.2745e+06 0.946475
7.28269e+06 0.975557
7.29088e+06 0.971132
7.29907e+06 0.973374
7.30726e+06 0.959741
7.31546e+06 0.970234
7.32365e+06 0.979612
7.33184e+06 0.968418
7.34003e+06 0.962872
7.34822e+06 0.976005
7.35642e+06 0.965674
7.36461e+06 0.996014
7.3728e+06 0.981986
7.38099e+06 0.973019
7.38918e+06 0.96513
7.39738e+06 0.967194
7.40557e+06 0.98066
7.41376e+06 0.983263
7.42195e+06 0.964825
7.43014e+06 0.963868
7.43834e+06 0.95518
7.44653e+06 0.966026
7.45472e+06 0.955157
7.46291e+06 0.967923
7.4711e+06 0.965555
7.4793e+06 0.976974
7.48749e+06 0.95541
7.49568e+06 0.961278
7.50387e+06 0.958967
7.51206e+06 0.972412
7.52026e+06 0.964954
7.52845e+06 0.95602
7.53664e+06 0.981156
7.54483e+06 0.961487
7.55302e+06 0.977691
7.56122e+06 0.947474
7.56941e+06 0.982659
7.5776e+06 0.976407
7.58579e+06 0.969971
7.59398e+06 0.962669
7.60218e+06 0.956644
7.61037e+06 0.978465
7.61856e+06 0.971597
7.62675e+06 0.969417
7.63494e+06 0.946799
7.64314e+06 0.960975
7.65133e+06 0.967964
7.65952e+06 0.958354
7.66771e+06 0.976395
7.6759e+06 0.973126
7.6841e+06 0.991369
7.69229e+06 0.980075
7.70048e+06 0.973474
7.70867e+06 0.971511
7.71686e+06 0.983414
7.72506e+06 0.988064
7.73325e+06 0.971333
7.74144e+06 0.972704
7.74963e+06 0.96578
7.75782e+06 0.95598
7.76602e+06 0.975454
7.77421e+06 0.966791
7.7824e+06 0.985836
7.79059e+06 0.984018
7.79878e+06 0.973405
7.80698e+06 0.985617
7.81517e+06 0.973931
7.82336e+06 0.965327
7.83155e+06 0.984905
7.83974e+06 0.983963
7.84794e+06 0.974074
7.85613e+06 0.969043
7.86432e+06 0.976767
7.87251e+06 0.979699
7.8807e+06 0.983331
7.8889e+06 0.964714
7.89709e+06 0.954864
7.90528e+06 0.989617
7.91347e+06 0.960541
7.92166e+06 0.96656
7.92986e+06 0.978281
7.93805e+06 0.958024
7.94624e+06 0.974622
7.95443e+06 0.958633
7.96262e+06 0.964553
7.97082e+06 0.981709
7.97901e+06 0.988809
7.9872e+06 0.953632
7.99539e+06 0.9669
8.00358e+06 0.96808
8.01178e+06 0.973052
8.01997e+06 0.986482
8.02816e+06 0.995321
8.03635e+06 0.992507
8.04454e+06 0.983925
8.05274e+06 0.968412
8.06093e+06 0.990084
8.06912e+06 0.961709
8.07731e+06 0.969164
8.0855e+06 0.964112
8.0937e+06 0.980165
8.10189e+06 0.98965
8.11008e+06 0.982125
8.11827e+06 0.987446
8.12646e+06 0.978539
8.13466e+06 0.980859
8.14285e+06 1
8.15104e+06 0.961693
8.15923e+06 0.969532
8.16742e+06 0.980696
8.17562e+06 0.975073
8.18381e+06 0.972341
8.192e+06 0.981227
8.20019e+06 0.97156
8.20838e+06 0.994602
8.21658e+06 0.978635
8.22477e+06 0.956651
8.23296e+06 0.970418
8.24115e+06 0.971965
8.24934e+06 0.962002
8.25754e+06 0.983507
8.26573e+06 0.984747
8.27392e+06 0.9638
8.28211e+06 0.986503
8.2903e+06 0.971684
8.2985e+06 0.981696
8.30669e+06 0.996826
8.31488e+06 0.989014
8.32307e+06 0.991889
8.33126e+06 0.97566
8.33946e+06 0.984738
8.34765e+06 0.981712
8.35584e+06 0.966948
8.36403e+06 0.972843
8.37222e+06 0.989309
8.38042e+06 0.976588
