Time Real

0 0
4096 0.0197827
8192 0.109939
12288 0.10739
16384 0.106833
20480 0.148109
24576 0.185158
28672 0.178149
32768 0.211154
36864 0.241156
40960 0.269019
45056 0.247643
49152 0.299229
53248 0.283967
57344 0.317755
61440 0.349116
65536 0.311026
69632 0.361138
73728 0.356391
77824 0.354292
81920 0.374331
86016 0.400282
90112 0.403736
94208 0.401361
98304 0.443816
102400 0.424871
106496 0.40758
110592 0.461758
114688 0.461564
118784 0.46213
122880 0.46157
126976 0.480786
131072 0.497601
135168 0.494812
139264 0.490964
143360 0.513199
147456 0.509134
151552 0.517903
155648 0.518896
159744 0.528777
163840 0.547612
167936 0.527492
172032 0.557558
176128 0.587768
180224 0.590017
184320 0.589425
188416 0.584771
192512 0.589011
196608 0.56741
200704 0.601921
204800 0.598761
208896 0.615096
212992 0.601551
217088 0.630783
221184 0.626758
225280 0.658832
229376 0.627729
233472 0.64466
237568 0.655749
241664 0.659751
245760 0.634336
249856 0.623066
253952 0.660186
258048 0.649943
262144 0.669073
266240 0.679113
270336 0.675686
274432 0.679309
278528 0.71198
282624 0.695502
286720 0.704063
290816 0.668392
294912 0.70613
299008 0.694211
303104 0.706814
307200 0.723991
311296 0.718474
315392 0.716346
319488 0.734521
323584 0.71565
327680 0.730098
331776 0.726654
335872 0.729303
339968 0.732214
344064 0.735121
348160 0.730642
352256 0.757967
356352 0.74423
360448 0.756961
364544 0.753924
368640 0.748369
372736 0.766368
376832 0.77461
380928 0.748496
385024 0.778262
389120 0.755528
393216 0.787252
397312 0.804329
401408 0.781478
405504 0.792171
409600 0.795172
413696 0.761245
417792 0.793051
421888 0.799065
425984 0.81962
430080 0.787976
434176 0.787102
438272 0.811157
442368 0.832027
446464 0.815901
450560 0.762958
454656 0.797181
458752 0.798062
462848 0.817219
466944 0.81343
471040 0.800852
475136 0.791233
479232 0.807592
483328 0.846725
487424 0.835311
491520 0.829025
495616 0.845203
499712 0.85187
503808 0.810724
507904 0.826225
512000 0.822892
516096 0.818731
520192 0.84669
524288 0.820458
528384 0.834949
532480 0.838124
536576 0.828378
540672 0.838017
544768 0.866502
548864 0.846135
552960 0.840653
557056 0.851772
561152 0.86473
565248 0.856827
569344 0.85172
573440 0.865969
577536 0.823164
581632 0.862259
585728 0.873811
589824 0.840307
593920 0.856278
598016 0.860406
602112 0.839893
606208 0.881385
610304 0.861827
614400 0.85564
618496 0.852606
622592 0.8798
626688 0.882554
630784 0.847497
634880 0.858836
638976 0.865022
643072 0.877551
647168 0.854988
651264 0.87011
655360 0.867982
659456 0.886909
663552 0.882524
667648 0.883604
671744 0.887108
675840 0.88529
679936 0.876324
684032 0.874926
688128 0.90562
692224 0.894605
696320 0.890951
700416 0.88045
704512 0.879912
708608 0.86525
712704 0.881044
716800 0.898145
720896 0.886855
724992 0.900432
729088 0.900833
733184 0.892672
737280 0.93026
741376 0.915525
745472 0.893168
749568 0.904466
753664 0.907357
757760 0.884748
761856 0.892356
765952 0.910121
770048 0.887184
774144 0.914823
778240 0.882366
782336 0.895642
786432 0.93482
790528 0.883377
794624 0.896668
798720 0.927545
802816 0.88197
806912 0.900397
811008 0.886013
815104 0.88273
819200 0.914639
823296 0.899825
827392 0.922595
831488 0.911734
835584 0.908763
839680 0.908783
843776 0.913369
847872 0.927204
851968 0.92635
856064 0.905096
860160 0.906866
864256 0.911429
868352 0.894327
872448 0.923649
876544 0.903976
880640 0.915679
884736 0.90508
888832 0.939839
892928 0.906133
897024 0.919266
901120 0.907814
905216 0.916914
909312 0.912628
913408 0.926652
917504 0.922364
921600 0.919265
925696 0.905852
929792 0.925863
933888 0.937721
937984 0.909775
942080 0.919411
946176 0.928007
950272 0.931837
954368 0.902579
958464 0.910247
962560 0.924308
966656 0.934582
970752 0.91052
974848 0.937433
978944 0.939047
983040 0.953917
987136 0.929553
991232 0.922507
995328 0.931215
999424 0.942457
1.00352e+06 0.943506
1.00762e+06 0.894704
1.01171e+06 0.917747
1.01581e+06 0.946159
1.0199e+06 0.935354
1.024e+06 0.933943
1.0281e+06 0.883818
1.03219e+06 0.929569
1.03629e+06 0.918041
1.04038e+06 0.946279
1.04448e+06 0.933008
1.04858e+06 0.92784
1.05267e+06 0.968941
1.05677e+06 0.947298
1.06086e+06 0.926304
1.06496e+06 0.949709
1.06906e+06 0.931927
1.07315e+06 0.941511
1.07725e+06 0.923409
1.08134e+06 0.939457
1.08544e+06 0.920279
1.08954e+06 0.957218
1.09363e+06 0.916673
1.09773e+06 0.957312
1.10182e+06 0.948864
1.10592e+06 0.933516
1.11002e+06 0.928298
1.11411e+06 0.943543
1.11821e+06 0.949787
1.1223e+06 0.929713
1.1264e+06 0.954668
1.1305e+06 0.920261
1.13459e+06 0.924424
1.13869e+06 0.942336
1.14278e+06 0.947769
1.14688e+06 0.912768
1.15098e+06 0.964399
1.15507e+06 0.94047
1.15917e+06 0.912884
1.16326e+06 0.957149
1.16736e+06 0.941348
1.17146e+06 0.947293
1.17555e+06 0.958771
1.17965e+06 0.937493
1.18374e+06 0.962789
1.18784e+06 0.923416
1.19194e+06 0.920436
1.19603e+06 0.941153
1.20013e+06 0.949949
1.20422e+06 0.952318
1.20832e+06 0.928121
1.21242e+06 0.948239
1.21651e+06 0.932648
1.22061e+06 0.908061
1.2247e+06 0.935395
1.2288e+06 0.940695
1.2329e+06 0.937659
1.23699e+06 0.945225
1.24109e+06 0.9371
1.24518e+06 0.947887
1.24928e+06 0.929933
1.25338e+06 0.939324
1.25747e+06 0.938781
1.26157e+06 0.93395
1.26566e+06 0.97127
1.26976e+06 0.95243
1.27386e+06 0.959043
1.27795e+06 0.951848
1.28205e+06 0.9644
1.28614e+06 0.933223
1.29024e+06 0.959496
1.29434e+06 0.959397
1.29843e+06 0.926742
1.30253e+06 0.930571
1.30662e+06 0.942085
1.31072e+06 0.909284
1.31482e+06 0.933225
1.31891e+06 0.961745
1.32301e+06 0.933422
1.3271e+06 0.933511
1.3312e+06 0.950145
1.3353e+06 0.934029
1.33939e+06 0.925608
1.34349e+06 0.964279
1.34758e+06 0.958875
1.35168e+06 0.969622
1.35578e+06 0.942096
1.35987e+06 0.9355
1.36397e+06 0.981068
1.36806e+06 0.926929
1.37216e+06 0.9329
1.37626e+06 0.934606
1.38035e+06 0.956208
1.38445e+06 0.957221
1.38854e+06 0.939862
1.39264e+06 0.92173
1.39674e+06 0.93935
1.40083e+06 0.968258
1.40493e+06 0.943888
1.40902e+06 0.966225
1.41312e+06 0.931011
1.41722e+06 0.948617
1.42131e+06 0.959683
1.42541e+06 0.957602
1.4295e+06 0.942917
1.4336e+06 0.960262
1.4377e+06 0.965969
1.44179e+06 0.931843
1.44589e+06 0.94179
1.44998e+06 0.962206
1.45408e+06 0.947147
1.45818e+06 0.968966
1.46227e+06 0.943908
1.46637e+06 0.927395
1.47046e+06 0.945809
1.47456e+06 0.950844
1.47866e+06 0.96416
1.48275e+06 0.953855
1.48685e+06 0.949367
1.49094e+06 0.938111
1.49504e+06 0.94308
1.49914e+06 0.943987
1.50323e+06 0.925607
1.50733e+06 0.959064
1.51142e+06 0.95657
1.51552e+06 0.924345
1.51962e+06 0.936487
1.52371e+06 0.96263
1.52781e+06 0.963711
1.5319e+06 0.967433
1.536e+06 0.962883
1.5401e+06 0.960075
1.54419e+06 0.953065
1.54829e+06 0.977642
1.55238e+06 0.951559
1.55648e+06 0.917128
1.56058e+06 0.954468
1.56467e+06 0.942047
1.56877e+06 0.938126
1.57286e+06 0.983105
1.57696e+06 0.960958
1.58106e+06 0.945882
1.58515e+06 0.923313
1.58925e+06 0.938463
1.59334e+06 0.952196
1.59744e+06 0.94997
1.60154e+06 0.951227
1.60563e+06 0.954249
1.60973e+06 0.934435
1.61382e+06 0.955855
1.61792e+06 0.974986
1.62202e+06 0.952791
1.62611e+06 0.948498
1.63021e+06 0.95097
1.6343e+06 0.961512
1.6384e+06 0.954037
1.6425e+06 0.944097
1.64659e+06 0.931447
1.65069e+06 0.968106
1.65478e+06 0.959521
1.65888e+06 0.969022
1.66298e+06 0.961724
1.66707e+06 0.97669
1.67117e+06 0.950513
1.67526e+06 0.981934
1.67936e+06 0.95081
1.68346e+06 0.961513
1.68755e+06 0.949356
1.69165e+06 0.983997
1.69574e+06 0.948754
1.69984e+06 0.96505
1.70394e+06 0.977313
1.70803e+06 0.944148
1.71213e+06 0.941749
1.71622e+06 0.969721
1.72032e+06 0.97558
1.72442e+06 0.961471
1.72851e+06 0.950143
1.73261e+06 0.959926
1.7367e+06 0.969678
1.7408e+06 0.965454
1.7449e+06 0.931476
1.74899e+06 0.936376
1.75309e+06 0.960554
1.75718e+06 0.950015
1.76128e+06 0.951993
1.76538e+06 0.96622
1.76947e+06 0.966321
1.77357e+06 0.956637
1.77766e+06 0.968699
1.78176e+06 0.966986
1.78586e+06 0.93656
1.78995e+06 0.948641
1.79405e+06 0.974433
1.79814e+06 0.945054
1.80224e+06 0.95569
1.80634e+06 0.970397
1.81043e+06 0.934817
1.81453e+06 0.963752
1.81862e+06 0.972523
1.82272e+06 0.934044
1.82682e+06 0.978573
1.83091e+06 0.975699
1.83501e+06 0.961692
1.8391e+06 0.955551
1.8432e+06 0.964206
1.8473e+06 0.950705
1.85139e+06 0.949164
1.85549e+06 0.971328
1.85958e+06 0.956056
1.86368e+06 0.954654
1.86778e+06 0.97406
1.87187e+06 0.94799
1.87597e+06 0.969299
1.88006e+06 0.955821
1.88416e+06 0.946674
1.88826e+06 0.947137
1.89235e+06 0.96606
1.89645e+06 0.955342
1.90054e+06 0.934767
1.90464e+06 0.961472
1.90874e+06 0.962005
1.91283e+06 0.944926
1.91693e+06 0.958751
1.92102e+06 0.970505
1.92512e+06 0.944437
1.92922e+06 0.93471
1.93331e+06 0.971985
1.93741e+06 0.942076
1.9415e+06 0.967554
1.9456e+06 0.959736
1.9497e+06 0.961752
1.95379e+06 0.952727
1.95789e+06 0.969632
1.96198e+06 0.946359
1.96608e+06 0.934598
1.97018e+06 0.981922
1.97427e+06 0.959555
1.97837e+06 0.979145
1.98246e+06 0.971861
1.98656e+06 0.952358
1.99066e+06 0.951469
1.99475e+06 0.980772
1.99885e+06 0.959409
2.00294e+06 0.956395
2.00704e+06 0.96115
2.01114e+06 0.957338
2.01523e+06 0.976911
2.01933e+06 0.966154
2.02342e+06 0.978872
2.02752e+06 0.945357
2.03162e+06 0.965541
2.03571e+06 0.970619
2.03981e+06 0.974182
2.0439e+06 0.971109
2.048e+06 0.961305
2.0521e+06 0.957425
2.05619e+06 0.94706
2.06029e+06 0.970299
2.06438e+06 0.978995
2.06848e+06 0.937744
2.07258e+06 0.947687
2.07667e+06 0.985516
2.08077e+06 0.946801
2.08486e+06 0.942625
2.08896e+06 0.969123
2.09306e+06 0.949206
2.09715e+06 0.967665
2.10125e+06 0.964702
2.10534e+06 0.962644
2.10944e+06 0.943073
2.11354e+06 0.963692
2.11763e+06 0.96001
2.12173e+06 0.976119
2.12582e+06 0.959138
2.12992e+06 0.964714
2.13402e+06 0.952822
2.13811e+06 0.950465
2.14221e+06 0.942713
2.1463e+06 0.930496
2.1504e+06 0.967204
2.1545e+06 0.967655
2.15859e+06 0.950135
2.16269e+06 0.945386
2.16678e+06 0.952115
2.17088e+06 0.95855
2.17498e+06 0.958637
2.17907e+06 0.939963
2.18317e+06 0.97583
2.18726e+06 0.948792
2.19136e+06 0.933678
2.19546e+06 0.964335
2.19955e+06 0.980374
2.20365e+06 0.951248
2.20774e+06 0.952052
2.21184e+06 0.939822
2.21594e+06 0.987952
2.22003e+06 0.967211
2.22413e+06 0.948031
2.22822e+06 0.985055
2.23232e+06 0.95257
2.23642e+06 0.942865
2.24051e+06 0.969056
2.24461e+06 0.961626
2.2487e+06 0.9506
2.2528e+06 0.961059
2.2569e+06 0.956298
2.26099e+06 0.960843
2.26509e+06 0.969729
2.26918e+06 0.943014
2.27328e+06 0.953636
2.27738e+06 0.968116
2.28147e+06 0.960406
2.28557e+06 0.956401
2.28966e+06 0.982798
2.29376e+06 0.957097
2.29786e+06 0.956839
2.30195e+06 0.975965
2.30605e+06 0.952444
2.31014e+06 0.962231
2.31424e+06 0.975613
2.31834e+06 0.951855
2.32243e+06 0.926975
2.32653e+06 0.954262
2.33062e+06 0.954255
2.33472e+06 0.94548
2.33882e+06 0.957617
2.34291e+06 0.97166
2.34701e+06 0.963218
2.3511e+06 0.964809
2.3552e+06 0.948692
2.3593e+06 0.939143
2.36339e+06 0.96807
2.36749e+06 0.979886
2.37158e+06 0.95712
2.37568e+06 0.972089
2.37978e+06 0.963363
2.38387e+06 0.964399
2.38797e+06 0.970647
2.39206e+06 0.963701
2.39616e+06 0.957287
2.40026e+06 0.913338
2.40435e+06 0.966264
2.40845e+06 0.974672
2.41254e+06 0.951012
2.41664e+06 0.981604
2.42074e+06 0.931885
2.42483e+06 0.950534
2.42893e+06 0.969733
2.43302e+06 0.984268
2.43712e+06 0.967291
2.44122e+06 0.940282
2.44531e+06 0.984802
2.44941e+06 0.959175
2.4535e+06 0.936518
2.4576e+06 0.950778
2.4617e+06 0.952705
2.46579e+06 0.968016
2.46989e+06 0.973231
2.47398e+06 0.949442
2.47808e+06 0.939663
2.48218e+06 0.969832
2.48627e+06 0.935299
2.49037e+06 0.956414
2.49446e+06 0.972906
2.49856e+06 0.985394
2.50266e+06 0.95558
2.50675e+06 0.970267
2.51085e+06 0.982215
2.51494e+06 0.931133
2.51904e+06 0.958546
2.52314e+06 0.956861
2.52723e+06 0.966621
2.53133e+06 0.968768
2.53542e+06 0.966474
2.53952e+06 0.957435
2.54362e+06 0.951841
2.54771e+06 0.948994
2.55181e+06 0.958673
2.5559e+06 0.959991
2.56e+06 0.960381
2.5641e+06 0.948086
2.56819e+06 0.968841
2.57229e+06 0.979895
2.57638e+06 0.961319
2.58048e+06 0.942509
2.58458e+06 0.967868
2.58867e+06 0.981368
2.59277e+06 0.962165
2.59686e+06 0.938822
2.60096e+06 0.964197
2.60506e+06 0.952017
2.60915e+06 0.98762
2.61325e+06 0.970133
2.61734e+06 0.976812
2.62144e+06 0.933407
2.62554e+06 0.971973
2.62963e+06 0.962023
2.63373e+06 0.981353
2.63782e+06 0.978348
2.64192e+06 0.9816
2.64602e+06 0.944757
2.65011e+06 0.957251
2.65421e+06 0.960801
2.6583e+06 0.956206
2.6624e+06 0.955541
2.6665e+06 0.971722
2.67059e+06 0.971592
2.67469e+06 0.967236
2.67878e+06 0.951954
2.68288e+06 0.945761
2.68698e+06 0.948048
2.69107e+06 0.976804
2.69517e+06 0.974861
2.69926e+06 0.99297
2.70336e+06 0.991735
2.70746e+06 0.96243
2.71155e+06 0.972557
2.71565e+06 0.947438
2.71974e+06 0.938585
2.72384e+06 0.972408
2.72794e+06 0.96266
2.73203e+06 0.963335
2.73613e+06 0.969377
2.74022e+06 0.951102
2.74432e+06 0.958992
2.74842e+06 0.951377
2.75251e+06 0.965703
2.75661e+06 0.955633
2.7607e+06 0.959896
2.7648e+06 0.949162
2.7689e+06 0.940531
2.77299e+06 0.964137
2.77709e+06 0.975753
2.78118e+06 0.950807
2.78528e+06 0.972818
2.78938e+06 0.972072
2.79347e+06 0.960303
2.79757e+06 0.96686
2.80166e+06 0.988921
2.80576e+06 0.965417
2.80986e+06 0.96332
2.81395e+06 0.99354
2.81805e+06 0.977483
2.82214e+06 0.968215
2.82624e+06 0.967535
2.83034e+06 0.957551
2.83443e+06 0.970607
2.83853e+06 0.958889
2.84262e+06 0.953855
2.84672e+06 0.960392
2.85082e+06 0.969326
2.85491e+06 0.962571
2.85901e+06 0.979934
2.8631e+06 0.952349
2.8672e+06 0.954577
2.8713e+06 0.94845
2.87539e+06 0.976301
2.87949e+06 0.960026
2.88358e+06 0.967394
2.88768e+06 0.962266
2.89178e+06 0.962603
2.89587e+06 0.96567
2.89997e+06 0.961108
2.90406e+06 0.97335
2.90816e+06 0.977943
2.91226e+06 0.935924
2.91635e+06 0.953286
2.92045e+06 0.974653
2.92454e+06 0.957134
2.92864e+06 0.956605
2.93274e+06 0.959867
2.93683e+06 0.947656
2.94093e+06 0.931891
2.94502e+06 0.974458
2.94912e+06 0.959837
2.95322e+06 0.953937
2.95731e+06 0.983098
2.96141e+06 0.983828
2.9655e+06 0.958853
2.9696e+06 0.948105
2.9737e+06 0.959436
2.97779e+06 0.955101
2.98189e+06 0.979892
2.98598e+06 0.966504
2.99008e+06 0.960744
2.99418e+06 0.939331
2.99827e+06 0.960801
3.00237e+06 0.975989
3.00646e+06 0.973733
3.01056e+06 0.965852
3.01466e+06 0.969905
3.01875e+06 0.952268
3.02285e+06 0.977389
3.02694e+06 0.956805
3.03104e+06 0.929267
3.03514e+06 0.963789
3.03923e+06 1
3.04333e+06 0.972004
3.04742e+06 0.97759
3.05152e+06 0.945372
3.05562e+06 0.938708
3.05971e+06 0.989142
3.06381e+06 0.962083
3.0679e+06 0.965321
3.072e+06 0.949881
3.0761e+06 0.94242
3.08019e+06 0.928537
3.08429e+06 0.969559
3.08838e+06 0.948409
3.09248e+06 0.931079
3.09658e+06 0.96035
3.10067e+06 0.989604
3.10477e+06 0.978654
3.10886e+06 0.950702
3.11296e+06 0.924299
3.11706e+06 0.947676
3.12115e+06 0.956623
3.12525e+06 0.952948
3.12934e+06 0.95542
3.13344e+06 0.950092
3.13754e+06 0.951747
3.14163e+06 0.962701
3.14573e+06 0.934727
3.14982e+06 0.947479
3.15392e+06 0.97904
3.15802e+06 0.96861
3.16211e+06 0.958466
3.16621e+06 0.9425
3.1703e+06 0.958593
3.1744e+06 0.968085
3.1785e+06 0.957301
3.18259e+06 0.967251
3.18669e+06 0.961616
3.19078e+06 0.975334
3.19488e+06 0.943874
3.19898e+06 0.970415
3.20307e+06 0.975189
3.20717e+06 0.977519
3.21126e+06 0.962317
3.21536e+06 0.978418
3.21946e+06 0.955978
3.22355e+06 0.960776
3.22765e+06 0.994368
3.23174e+06 0.952777
3.23584e+06 0.979195
3.23994e+06 0.948479
3.24403e+06 0.978878
3.24813e+06 0.976735
3.25222e+06 0.971972
3.25632e+06 0.964012
3.26042e+06 0.94646
3.26451e+06 0.953286
3.26861e+06 0.963589
3.2727e+06 0.97405
3.2768e+06 0.951948
3.2809e+06 0.943732
3.28499e+06 0.954383
3.28909e+06 0.960369
3.29318e+06 0.967901
3.29728e+06 0.954983
3.30138e+06 0.949122
3.30547e+06 0.973127
3.30957e+06 0.927748
3.31366e+06 0.944498
3.31776e+06 0.937763
3.32186e+06 0.987405
3.32595e+06 0.944591
3.33005e+06 0.958615
3.33414e+06 0.935992
3.33824e+06 0.969731
3.34234e+06 0.94839
3.34643e+06 0.953615
3.35053e+06 0.938636
3.35462e+06 0.939559
3.35872e+06 0.944639
3.36282e+06 0.943562
3.36691e+06 0.97935
3.37101e+06 0.957132
3.3751e+06 0.939167
3.3792e+06 0.955623
3.3833e+06 0.969466
3.38739e+06 0.958839
3.39149e+06 0.984375
3.39558e+06 0.95841
3.39968e+06 0.930435
3.40378e+06 0.951586
3.40787e+06 0.968609
3.41197e+06 0.971792
3.41606e+06 0.959329
3.42016e+06 0.970347
3.42426e+06 0.955779
3.42835e+06 0.972305
3.43245e+06 0.98344
3.43654e+06 0.950832
3.44064e+06 0.95242
3.44474e+06 0.990377
3.44883e+06 0.997081
3.45293e+06 0.93257
3.45702e+06 0.968534
3.46112e+06 0.976739
3.46522e+06 0.965777
3.46931e+06 0.976232
3.47341e+06 0.954262
3.4775e+06 0.94614
3.4816e+06 0.966532
3.4857e+06 0.940918
3.48979e+06 0.943866
3.49389e+06 0.961177
3.49798e+06 0.973265
3.50208e+06 0.959497
3.50618e+06 0.954618
3.51027e+06 0.987321
3.51437e+06 0.953209
3.51846e+06 0.967601
3.52256e+06 0.963606
3.52666e+06 0.968183
3.53075e+06 0.960942
3.53485e+06 0.956298
3.53894e+06 0.974742
3.54304e+06 0.97
3.54714e+06 0.963204
3.55123e+06 0.968054
3.55533e+06 0.961384
3.55942e+06 0.958661
3.56352e+06 0.992624
3.56762e+06 0.956365
3.57171e+06 0.956183
3.57581e+06 0.954083
3.5799e+06 0.95301
3.584e+06 0.950602
3.5881e+06 0.97978
3.59219e+06 0.972364
3.59629e+06 0.953154
3.60038e+06 0.961031
3.60448e+06 0.967804
3.60858e+06 0.982253
3.61267e+06 0.978684
3.61677e+06 0.938513
3.62086e+06 0.945335
3.62496e+06 0.98776
3.62906e+06 0.963182
3.63315e+06 0.965503
3.63725e+06 0.957508
3.64134e+06 0.972447
3.64544e+06 0.951834
3.64954e+06 0.952285
3.65363e+06 0.963936
3.65773e+06 0.957806
3.66182e+06 0.957656
3.66592e+06 0.974306
3.67002e+06 0.937951
3.67411e+06 0.966809
3.67821e+06 0.961441
3.6823e+06 0.935312
3.6864e+06 0.969532
3.6905e+06 0.961387
3.69459e+06 0.944734
3.69869e+06 0.962556
3.70278e+06 0.952642
3.70688e+06 0.969559
3.71098e+06 0.943151
3.71507e+06 0.961737
3.71917e+06 0.924091
3.72326e+06 0.965373
3.72736e+06 0.98133
3.73146e+06 0.951293
3.73555e+06 0.968114
3.73965e+06 0.988203
3.74374e+06 0.933179
3.74784e+06 0.943087
3.75194e+06 0.978451
3.75603e+06 0.961934
3.76013e+06 0.961949
3.76422e+06 0.975486
3.76832e+06 0.953432
3.77242e+06 0.958215
3.77651e+06 0.979118
3.78061e+06 0.971445
3.7847e+06 0.985482
3.7888e+06 0.95677
3.7929e+06 0.955443
3.79699e+06 0.948628
3.80109e+06 0.979529
3.80518e+06 0.977829
3.80928e+06 0.959708
3.81338e+06 0.950988
3.81747e+06 0.95458
3.82157e+06 0.955863
3.82566e+06 0.962348
3.82976e+06 0.939166
3.83386e+06 0.949121
3.83795e+06 0.954037
3.84205e+06 0.972176
3.84614e+06 0.936643
3.85024e+06 0.976187
3.85434e+06 0.969564
3.85843e+06 0.961231
3.86253e+06 0.959812
3.86662e+06 0.959867
3.87072e+06 0.943228
3.87482e+06 0.943591
3.87891e+06 0.969183
3.88301e+06 0.956662
3.8871e+06 0.990192
3.8912e+06 0.973603
3.8953e+06 0.971452
3.89939e+06 0.954854
3.90349e+06 0.955159
3.90758e+06 0.942301
3.91168e+06 0.938819
3.91578e+06 0.971448
3.91987e+06 0.977934
3.92397e+06 0.94823
3.92806e+06 0.942126
3.93216e+06 0.976069
3.93626e+06 0.948986
3.94035e+06 0.917767
3.94445e+06 0.958627
3.94854e+06 0.958645
3.95264e+06 0.960428
3.95674e+06 0.950686
3.96083e+06 0.957747
3.96493e+06 0.969563
3.96902e+06 0.964858
3.97312e+06 0.943569
3.97722e+06 0.96909
3.98131e+06 0.971345
3.98541e+06 0.935175
3.9895e+06 0.940179
3.9936e+06 0.974258
3.9977e+06 0.96689
4.00179e+06 0.96973
4.00589e+06 0.960147
4.00998e+06 0.97237
4.01408e+06 0.977354
4.01818e+06 0.972044
4.02227e+06 0.960264
4.02637e+06 0.964908
4.03046e+06 0.952151
4.03456e+06 0.978637
4.03866e+06 0.959275
4.04275e+06 0.979652
4.04685e+06 0.94716
4.05094e+06 0.961138
4.05504e+06 0.955963
4.05914e+06 0.964151
4.06323e+06 0.967077
4.06733e+06 0.968885
4.07142e+06 0.957416
4.07552e+06 0.964098
4.07962e+06 0.935261
4.08371e+06 0.970358
4.08781e+06 0.962185
4.0919e+06 0.95211
4.096e+06 0.967932
4.1001e+06 0.964286
4.10419e+06 0.96529
4.10829e+06 0.974072
4.11238e+06 0.945132
4.11648e+06 0.965082
4.12058e+06 0.940792
4.12467e+06 0.965127
4.12877e+06 0.954891
4.13286e+06 0.972164
4.13696e+06 0.963486
4.14106e+06 0.963752
4.14515e+06 0.965683
4.14925e+06 0.979693
4.15334e+06 0.975557
4.15744e+06 0.957393
4.16154e+06 0.967491
4.16563e+06 0.953078
4.16973e+06 0.95146
4.17382e+06 0.979455
4.17792e+06 0.972287
4.18202e+06 0.975005
4.18611e+06 0.954528
4.19021e+06 0.966095
