0.0,1.0,1.0140694825437564
0.016,0.97617,0.9925556734268817
0.032,0.975624,0.9786107060071777
0.048,0.963801,0.9667044162726394
0.064,0.960244,0.9559676793995718
0.08,0.942164,0.9460189436354836
0.096,0.946337,0.9366440898536861
0.112,0.941295,0.9277063606397828
0.128,0.909111,0.9191110738757943
0.144,0.918138,0.9107890019583114
0.16,0.910791,0.9026875368661683
0.176,0.893376,0.8947655692070997
0.192,0.892629,0.8869903186931202
0.208,0.883007,0.8793352680069072
0.224,0.882615,0.8717787576419975
0.24,0.868472,0.8643029956143216
0.256,0.858992,0.8568933378049106
0.272,0.85144,0.849537750645976
0.288,0.841705,0.8422264000951425
0.304,0.835404,0.8349513301766683
0.32,0.826503,0.8277062063760715
0.336,0.824903,0.8204861068611101
0.352,0.816664,0.8132873495550995
0.368,0.810876,0.8061073464894208
0.384,0.792324,0.7989444791995349
0.4,0.797708,0.791797990565815
0.416,0.795448,0.7846678896665384
0.432,0.784481,0.7775548670536561
0.448,0.757262,0.7704602184803121
0.464,0.769282,0.7633857755681849
0.48,0.744715,0.7563338422473891
0.496,0.743535,0.7493071360631043
0.512,0.747912,0.742308733643123
0.528,0.729871,0.7353420197747773
0.544,0.72547,0.7284106396595103
0.56,0.72571,0.7215184540068788
0.576,0.714151,0.7146694967031532
0.592,0.699987,0.7078679348474082
0.608,0.715156,0.7011180309935038
0.624,0.681856,0.6944241074722352
0.64,0.687825,0.687790512696166
0.656,0.670437,0.6812215893718072
0.672,0.665875,0.6747216445610309
0.688,0.670036,0.6682949215468933
0.704,0.661847,0.661945573469111
0.72,0.652351,0.6556776387018781
0.736,0.646497,0.6494950179520343
0.752,0.632683,0.6434014530591488
0.768,0.629676,0.6374005074812249
0.784,0.626126,0.6314955484506819
0.8,0.619855,0.6256897307852727
0.816,0.638746,0.6199859823378171
0.832,0.620077,0.6143869910672242
0.848,0.615414,0.6088951937113676
0.864,0.606664,0.6035127660400778
0.88,0.598624,0.5982416146639062
0.896,0.587865,0.5930833703715034
0.912,0.577394,0.5880393829654533
0.928,0.601882,0.5831107175633545
0.944,0.59523,0.5782981523277996
0.96,0.558505,0.5736021775858015
0.976,0.580928,0.5690229962951315
0.992,0.553147,0.5645605258120322
1.008,0.568105,0.5602144009118735
1.024,0.560701,0.555983978011548
1.04,0.563272,0.5518683405397901
1.056,0.548726,0.5478663053991619
1.072,0.552767,0.5439764304611892
1.088,0.547473,0.5401970230340908
1.104,0.540498,0.5365261492407021
1.12,0.535855,0.5329616442425867
1.136,0.536859,0.5295011232449547
1.152,0.54099,0.5261419932158634
1.168,0.521212,0.5228814652522883
1.184,0.504611,0.5197165675249917
1.2,0.514999,0.5166441587337223
1.216,0.511586,0.5136609420041139
1.232,0.526793,0.5107634791577431
1.248,0.509516,0.507948205287127
1.264,0.5015,0.5052114435680164
1.28,0.499913,0.5025494202421251
1.296,0.489881,0.4999582797044669
1.312,0.496676,0.49743409963071
1.328,0.49253,0.49497290608141
1.344,0.505585,0.4925706885216342
1.36,0.487711,0.49022341469633784
1.376,0.491231,0.48792704530387804
1.392,0.492391,0.48567754841224886
1.408,0.478995,0.4834709135649798
1.424,0.490075,0.4813031655261416
1.44,0.481192,0.47917037761654996
1.456,0.476216,0.47706868459601204
1.472,0.483883,0.474994295049345
1.488,0.47491,0.4729435032368558
1.504,0.4785,0.4709127003730333
1.52,0.464459,0.46889838530032313
1.536,0.475761,0.4668971745280413
1.552,0.44902,0.4649058116097049
1.568,0.446065,0.46292117583531633
1.584,0.439871,0.4609402902184103
1.6,0.455745,0.45896032876094983
1.616,0.44288,0.4569786229824295
1.632,0.447384,0.45499266770279223
1.648,0.445135,0.4530001260719813
1.664,0.440655,0.4509988338421256
1.68,0.440875,0.4489868028814679
1.696,0.432307,0.446962223932201
1.712,0.453759,0.44492346861734505
1.728,0.440932,0.44286909070469144
1.744,0.42475,0.4407978266386239
1.76,0.453543,0.4387085953533163
1.776,0.455167,0.43660049738337803
1.792,0.44404,0.4344728132904705
1.808,0.453006,0.4323250014267403
1.824,0.431095,0.4301566950581095
1.84,0.430165,0.4279676988725078
1.856,0.417588,0.425757984900044
1.872,0.421972,0.42352768787386796
1.888,0.420967,0.42127710006207786
1.904,0.412517,0.4190066656024818
1.92,0.424444,0.416716974373308
1.936,0.421323,0.4144087554340946
1.952,0.40843,0.4120828700719576
1.968,0.403309,0.40974030448924925
1.984,0.421963,0.40738216216926715
2.0,0.394789,0.4050096559571633
2.016,0.387664,0.40262409989353903
2.032,0.393596,0.4002269008383819
2.048,0.393765,0.3978195499230282
2.064,0.406152,0.39540361386770395
2.08,0.373419,0.3929807262019262
2.096,0.388958,0.39055257842462815
2.112,0.387597,0.38812091114031894
2.128,0.391166,0.3856875052069046
2.144,0.388219,0.38325417292998054
2.16,0.376095,0.3808227493374772
2.176,0.379437,0.37839508356748924
2.192,0.372863,0.37597303040096286
2.208,0.362452,0.3735584419696618
2.224,0.368564,0.371153159668478
2.24,0.377919,0.3687590062997184
2.256,0.367141,0.36637777847548103
2.272,0.352149,0.36401123930264767
2.288,0.358189,0.36166111137336715
2.304,0.353758,0.3593290700821981
2.32,0.354796,0.35701673728932454
2.336,0.35827,0.35472567534746424
2.352,0.35377,0.35245738150826333
2.368,0.338272,0.35021328272212143
2.384,0.356036,0.34799473084352545
2.4,0.360597,0.34580299825209665
2.416,0.332666,0.3436392738976811
2.432,0.331992,0.3415046597759463
2.448,0.346828,0.3394001678390917
2.464,0.32811,0.33732671734445113
2.48,0.323019,0.3352851326419587
2.496,0.327961,0.3332761413996798
2.512,0.326334,0.33130037326488243
2.528,0.319207,0.3293583589564378
2.544,0.347564,0.32745052978271455
2.56,0.324037,0.32557721757755514
2.576,0.29574,0.32373865504541627
2.592,0.327116,0.3219349765053145
2.608,0.312662,0.32016621902184716
2.624,0.313328,0.3184323239102676
2.64,0.316784,0.316733138601378
2.656,0.326752,0.31506841885087256
2.672,0.321729,0.31343783127671687
2.688,0.297208,0.3118409562071913
2.704,0.318882,0.3102772908213575
2.72,0.308993,0.3087462525629275
2.736,0.311413,0.3072471828078323
2.752,0.308533,0.3057793507651923
2.768,0.299885,0.30434195759089294
2.784,0.301598,0.3029341406925661
2.8,0.304889,0.30155497820446175
2.816,0.323552,0.30020349361047954
2.832,0.29415,0.29887866049349643
2.848,0.282211,0.2975794073890931
2.864,0.295674,0.29630462272182834
2.88,0.293156,0.29505315980234803
2.896,0.291102,0.29382384186383653
2.912,0.295468,0.2926154671166174
2.928,0.288377,0.29142681380008983
2.944,0.291693,0.29025664521164524
2.96,0.288255,0.2891037146927304
2.976,0.281104,0.2879667705528198
2.992,0.280413,0.2868445609127216
3.008,0.287385,0.2857358384493545
3.024,0.282032,0.2846393650249154
3.04,0.283944,0.2835539161841797
3.056,0.301008,0.28247828550455456
3.072,0.279298,0.2814112887844225
3.088,0.282078,0.2803517680562677
3.104,0.280301,0.2792985954120716
3.12,0.280617,0.2782506766294809
3.136,0.275347,0.2772069545882975
3.152,0.274955,0.2761664124679027
3.168,0.272948,0.27512807671730805
3.184,0.27589,0.2740910197906173
3.2,0.253489,0.2730543626417761
3.216,0.257158,0.272017276973586
3.232,0.287582,0.27097898723705466
3.248,0.262932,0.26993877237824027
3.264,0.264847,0.26889596733082427
3.28,0.272063,0.26784996425370705
3.296,0.256044,0.2668002135139645
3.312,0.253011,0.2657462244165167
3.328,0.265592,0.26468756568285673
3.344,0.26563,0.2636238656821446
3.36,0.272206,0.2625548124189009
3.376,0.263635,0.26148015328242524
3.392,0.258533,0.26039969456391826
3.408,0.268335,0.2593133007480937
3.424,0.264804,0.2582208935868359
3.44,0.239337,0.25712245096317615
3.456,0.240508,0.2560180055545344
3.472,0.271662,0.2549076433047929
3.488,0.260376,0.25379150171533943
3.504,0.255453,0.2526697679657378
3.52,0.254156,0.2515426768751423
3.536,0.244361,0.25041050871598836
3.552,0.253507,0.24927358689184248
3.568,0.262251,0.2481322754915969
3.584,0.249239,0.24698697673243852
3.6,0.253096,0.24583812830420965
3.616,0.24074,0.24468620062791635
3.632,0.237774,0.2435316940412191
3.648,0.262868,0.2423751359237673
3.664,0.24789,0.2412170777752174
3.68,0.249823,0.24005809225869656
3.696,0.230436,0.2388987702223494
3.712,0.247713,0.23773971771143065
3.728,0.2312,0.2365815529831885
3.744,0.230563,0.23542490353651635
3.76,0.226562,0.23427040316804476
3.776,0.216943,0.23311868906599603
3.792,0.246541,0.2319703989527397
3.808,0.22354,0.2308261682865615
3.824,0.239526,0.22968662753270513
3.84,0.23537,0.2285523995132584
3.856,0.216094,0.22742409684493797
3.872,0.224342,0.22630231947328944
3.888,0.221564,0.22518765231125043
3.904,0.230805,0.22408066298944368
3.92,0.233468,0.22298189972496196
3.936,0.218471,0.22189188931479065
3.952,0.233044,0.220811135259385
3.968,0.214423,0.2197401160212784
3.984,0.227943,0.21867928342295628
4.0,0.229727,0.2176290611875787
4.016,0.202919,0.21658984362548567
4.032,0.224856,0.2155619944687714
4.048,0.201764,0.21454584585556863
4.064,0.206808,0.21354169746504742
4.08,0.221245,0.2125498158035024
4.096,0.18972,0.2115704336412878
4.112,0.213273,0.21060374959975348
4.128,0.218084,0.2096499278867493
4.144,0.199894,0.20870909817869293
4.16,0.202002,0.20778135564664846
4.176,0.198876,0.20686676112333252
4.192,0.207463,0.2059653414074591
4.208,0.197693,0.2050770897013552
4.224,0.198175,0.204201966177323
4.24,0.197812,0.20333989866779772
4.256,0.194718,0.202490783473953
4.272,0.186334,0.20165448628703564
4.288,0.197058,0.2008308432163745
4.304,0.198416,0.2000196619177
4.32,0.213124,0.19922072281513836
4.336,0.210028,0.19843378040999876
4.352,0.199528,0.1976585646692654
4.368,0.19815,0.1968947824865258
4.384,0.198083,0.19614211920792574
4.4,0.184062,0.19540024021562752
4.416,0.181925,0.19466879256117053
4.432,0.187964,0.19394740664108728
4.448,0.2005,0.19323569790711126
4.464,0.188722,0.19253326860333242
4.48,0.170824,0.19183970952269935
4.496,0.188122,0.1911546017753481
4.512,0.187348,0.19047751856133938
4.528,0.188314,0.1898080269405208
4.544,0.202553,0.1891456895923913
4.56,0.193992,0.18849006655902834
4.576,0.193869,0.18784071696434973
4.592,0.175897,0.18719720070321388
4.608,0.20388,0.18655908009411593
4.624,0.180443,0.18592592148951176
4.64,0.180375,0.18529729683809387
4.656,0.173645,0.1846727851936536
4.672,0.185644,0.18405197416548724
4.688,0.182327,0.18343446130564506
4.704,0.197334,0.18281985542866963
4.72,0.178909,0.18220777785983483
4.736,0.179858,0.18159786360826313
4.752,0.166653,0.18098976246167953
4.768,0.161239,0.1803831399999407
4.784,0.171864,0.17977767852486543
4.8,0.179851,0.17917307790428122
4.816,0.191661,0.17856905632859033
4.832,0.187541,0.1779653509785482
4.848,0.180516,0.17736171860333133
4.864,0.181088,0.1767579360083545
4.88,0.190815,0.1761538004526726
4.896,0.181654,0.1755491299561725
4.912,0.181533,0.1749437635171201
4.928,0.179248,0.17433756124098
4.944,0.161329,0.17373040438176623
4.96,0.170736,0.1731221952975091
4.976,0.182256,0.17251285732174276
4.992,0.180065,0.1719023345532148
5.008,0.173806,0.17129059156631016
5.024,0.187258,0.170677613044951
5.04,0.172047,0.17006340334298675
5.056,0.168307,0.16944798597432853
5.072,0.178667,0.1688314030362994
5.088,0.164085,0.16821371456987266
5.104,0.162125,0.16759499786065274
5.12,0.169917,0.16697534668461544
5.136,0.171943,0.1663548705027686
5.152,0.165344,0.16573369360901452
5.168,0.18763,0.1651119542356036
5.184,0.17291,0.16448980362064808
5.2,0.160305,0.16386740504223302
5.216,0.181773,0.163244932823702
5.232,0.159923,0.1626225713147236
5.248,0.177205,0.16200051385274872
5.264,0.169828,0.16137896170945648
5.28,0.158581,0.16075812302675577
5.296,0.152711,0.16013821174686016
5.312,0.163548,0.15951944654088718
5.328,0.163727,0.15890204974035133
5.344,0.155086,0.15828624627582058
5.36,0.153454,0.15767226262689096
5.376,0.169794,0.1570603257875075
5.392,0.159506,0.15645066225051457
5.408,0.161476,0.15584349701516576
5.424,0.149609,0.15523905262115467
5.44,0.160233,0.15463754821254994
5.456,0.156964,0.15403919863482995
5.472,0.138019,0.1534442135680143
5.488,0.150355,0.15285279669868373
5.504,0.149324,0.15226514493346666
5.52,0.164033,0.15168144765635197
5.536,0.140646,0.15110188603196312
5.552,0.160841,0.15052663235669894
5.568,0.138883,0.14995584945941676
5.584,0.141395,0.1493896901530979
5.6,0.160288,0.1488282967387013
5.616,0.154801,0.14827180056217518
5.632,0.163484,0.1477203216253628
5.648,0.137687,0.14717396825130516
5.664,0.147199,0.14663283680421252
5.68,0.159847,0.14609701146415108
5.696,0.148296,0.1455665640562674
5.712,0.154044,0.14504155393415688
5.728,0.138335,0.14452202791676977
5.744,0.133406,0.14400802027804455
5.76,0.135273,0.1434995527882607
5.776,0.161254,0.14299663480591207
5.792,0.152127,0.142499263418724
5.808,0.153421,0.1420074236322615
5.824,0.147548,0.14152108860441792
5.84,0.138935,0.14104021992391852
5.856,0.144885,0.14056476793083267
5.872,0.146088,0.1400946720769591
5.888,0.138923,0.13962986132382754
5.904,0.138006,0.1391702545759534
5.92,0.153174,0.13871576114688566
5.936,0.133281,0.13826628125550405
5.952,0.136524,0.13782170654994874
5.968,0.16093,0.13738192065650612
5.984,0.158241,0.1369467997507256
6.0,0.135525,0.1365162131480063
6.016,0.133551,0.13609002391086752
6.032,0.125169,0.1356680894701048
6.048,0.139319,0.13525026225703257
6.064,0.136343,0.13483639034402328
6.08,0.131224,0.13442631809057587
6.096,0.133925,0.13401988679217774
6.112,0.126032,0.13361693532926683
6.128,0.132891,0.13321730081365366
6.144,0.127501,0.13282081922982475
6.16,0.134205,0.13242732606862134
6.176,0.138581,0.13203665695086605
6.192,0.128193,0.13164864823860062
6.208,0.128159,0.131263137631692
6.224,0.140413,0.13087996474766914
6.24,0.137475,0.1304989716827619
6.256,0.132889,0.1301200035522301
6.272,0.133382,0.1297429090081916
6.288,0.122315,0.1293675407332857
6.304,0.125686,0.12899375590863815
6.32,0.131494,0.12862141665472818
6.336,0.126839,0.12825039044389613
6.352,0.138248,0.12788055048336955
6.368,0.152598,0.1275117760678265
6.384,0.144185,0.1271439529006595
6.4,0.136513,0.12677697338324484
6.416,0.134664,0.1264107368716661
6.432,0.131692,0.1260451499004851
6.448,0.129871,0.12568012637329137
6.464,0.122326,0.12531558771990617
6.48,0.123241,0.1249514630202502
6.496,0.12291,0.1245876890950222
6.512,0.103846,0.12422421056346647
6.528,0.111687,0.1238609798686343
6.544,0.115032,0.12349795727067116
6.56,0.129831,0.12313511080877679
6.576,0.123603,0.12277241623260371
6.592,0.118229,0.12240985690396605
6.608,0.125796,0.12204742366983505
6.624,0.121908,0.12168511470769533
6.64,0.136314,0.12132293534442615
6.656,0.118495,0.12096089784995756
6.672,0.138124,0.12059902120702934
6.688,0.136955,0.12023733085845043
6.704,0.117932,0.11987585843332246
6.72,0.106748,0.11951464145374623
6.736,0.135508,0.1191537230235806
6.752,0.106395,0.1187931515008651
6.768,0.123741,0.11843298015555237
6.784,0.120337,0.1180732668142246
6.8,0.125538,0.11771407349348799
6.816,0.103174,0.11735546602375208
6.832,0.126639,0.11699751366510738
6.848,0.127896,0.11664028871701265
6.864,0.113887,0.11628386612349563
6.88,0.117798,0.11592832307555571
6.896,0.104467,0.11557373861243588
6.912,0.107013,0.11522019322340359
6.928,0.113916,0.11486776845164581
6.944,0.130464,0.11451654650184444
6.96,0.113954,0.11416660985295236
6.976,0.108912,0.1138180408776402
6.992,0.113875,0.11347092146982847
7.008,0.120453,0.1131253326816586
7.024,0.115515,0.1127813543711931
7.04,0.104045,0.1124390648620659
7.056,0.108227,0.11209854061623127
7.072,0.115632,0.11175985592088562
7.088,0.105597,0.11142308259055722
7.104,0.110092,0.11108828968527795
7.12,0.100622,0.11075554324566908
7.136,0.122019,0.11042490604568775
7.152,0.0975007,0.1100964373636947
7.168,0.104284,0.10977019277241713
7.184,0.10843,0.10944622394829201
7.2,0.0912374,0.10912457850058845
7.216,0.10444,0.10880529982061818
7.232,0.124005,0.10848842695125689
7.248,0.0924233,0.10817399447691223
7.264,0.109597,0.10786203243398809
7.28,0.119487,0.10755256624181171
7.296,0.103033,0.1072456166539064
7.312,0.11346,0.1069411997294141
7.328,0.103222,0.10663932682439199
7.344,0.11877,0.10634000460263407
7.36,0.0946798,0.10604323506559465
7.376,0.09324,0.10574901560092184
7.392,0.109501,0.10545733904904342
7.408,0.095614,0.10516819378718445
7.424,0.107281,0.10488156383013754
7.44,0.0983012,0.10459742894705147
7.456,0.103929,0.10431576479345371
7.472,0.114878,0.10403654305767449
7.488,0.090375,0.10375973162079896
7.504,0.103758,0.10348529472923518
7.52,0.080601,0.10321319317895178
7.536,0.110801,0.10294338451041093
7.552,0.102866,0.10267582321319671
7.568,0.107315,0.10241046093931923
7.584,0.0983317,0.10214724672415934
7.6,0.104731,0.10188612721400754
7.616,0.095707,0.10162704689914417
7.632,0.0996419,0.10136994835140536
7.648,0.113021,0.10111477246518177
7.664,0.0935143,0.10086145870080349
7.68,0.0945928,0.10060994532927431
7.696,0.0986385,0.10036016967733348
7.712,0.0760731,0.10011206837184145
7.728,0.0944383,0.09986557758250776
7.744,0.113782,0.09962063326200521
7.76,0.0856208,0.09937717138254284
7.776,0.109769,0.09913512816800328
7.792,0.0870065,0.0988944403207843
7.808,0.093671,0.09865504524252307
7.824,0.0815884,0.0984168812479218
7.84,0.0912697,0.09817988777093692
7.856,0.0963165,0.09794400556263813
7.872,0.0963515,0.09770917688009234
7.888,0.113284,0.09747534566567467
7.904,0.093128,0.09724245771626013
7.92,0.105556,0.09701046084180068
7.936,0.0859699,0.09677930501284501
7.952,0.0934446,0.09654894249661206
7.968,0.0918221,0.09631932798128251
7.984,0.09347,0.09609041868822776
8.0,0.0856982,0.09586217447194927
8.016,0.0952711,0.09563455790755604
8.032,0.0990258,0.09540753436566174
8.048,0.0867648,0.0951810720746363
8.064,0.0850222,0.09495514217019917
8.08,0.084101,0.09472971873239376
8.096,0.0915767,0.09450477881003232
8.112,0.0940994,0.09428030243275008
8.128,0.103235,0.0940562726108552
8.144,0.0801878,0.09383267532320698
8.16,0.0851929,0.0936094994933988
8.176,0.0905545,0.09338673695456481
