0.0,1.0,1.0145021647735075
0.016,0.992766,0.9862746915357221
0.032,0.962862,0.9698002556115255
0.048,0.943478,0.9563188146892057
0.064,0.929195,0.9445556558477533
0.08,0.934429,0.9339589524485723
0.096,0.962801,0.9242202867495886
0.112,0.921828,0.9151422337758222
0.128,0.907141,0.9065871565079422
0.144,0.881224,0.8984533381846196
0.16,0.906791,0.8906624093238786
0.176,0.886662,0.8831521193925711
0.192,0.88924,0.875871896832868
0.208,0.876932,0.8687799754225003
0.224,0.862626,0.8618414530653682
0.24,0.85981,0.8550269321963244
0.256,0.853192,0.8483115371552838
0.272,0.830046,0.841674183825591
0.288,0.82798,0.8350970227003114
0.304,0.810968,0.8285650039546417
0.32,0.806703,0.8220655300728845
0.336,0.807962,0.8155881724092804
0.352,0.80286,0.8091244351624136
0.368,0.802638,0.8026675550095994
0.384,0.807037,0.7962123279158819
0.4,0.771025,0.7897549569157645
0.416,0.791419,0.7832929162883624
0.432,0.782684,0.7768248287171284
0.448,0.779057,0.7703503528810203
0.464,0.772981,0.7638700795570714
0.48,0.755828,0.7573854347875413
0.496,0.761903,0.7508985890217159
0.512,0.716948,0.7444123714134951
0.528,0.727464,0.7379301886629872
0.544,0.74134,0.7314559479490905
0.56,0.707864,0.7249939836219961
0.576,0.714567,0.7185489874181308
0.592,0.715091,0.712125942031659
0.608,0.70632,0.7057300579309875
0.624,0.736698,0.6993667133494839
0.64,0.704819,0.6930413974095784
0.656,0.711039,0.6867596563607763
0.672,0.688249,0.6805270429265924
0.688,0.675872,0.6743490687643479
0.704,0.646511,0.6682311600462802
0.72,0.66175,0.6621786161713492
0.736,0.651874,0.6561965716152038
0.752,0.626399,0.6502899609216166
0.768,0.637438,0.6444634868327319
0.784,0.618087,0.6387215915481772
0.8,0.64086,0.6330684310947514
0.816,0.67185,0.6275078527793412
0.832,0.611233,0.6220433756881667
0.848,0.609474,0.6166781741856469
0.864,0.646188,0.6114150643562466
0.88,0.601036,0.6062564933228327
0.896,0.580268,0.6012045313654042
0.912,0.552442,0.5962608667547291
0.928,0.6036,0.5914268032064878
0.944,0.599324,0.586703259853101
0.96,0.547259,0.5820907736225394
0.976,0.601407,0.5775895039061916
0.992,0.564001,0.5731992393912879
1.008,0.573869,0.5689194069275356
1.024,0.544976,0.5647490822925083
1.04,0.586429,0.560687002716
1.056,0.564135,0.5567315810199818
1.072,0.566985,0.5528809212280352
1.088,0.554602,0.5491328354961489
1.104,0.563769,0.5454848622155613
1.12,0.543207,0.5419342851379103
1.136,0.510982,0.5384781533732761
1.152,0.57929,0.5351133021127763
1.168,0.545112,0.531836373929149
1.184,0.517204,0.5286438405112339
1.2,0.513747,0.525532024691374
1.216,0.549392,0.5224971226285102
1.232,0.507705,0.5195352260140558
1.248,0.502018,0.5166423441725063
1.264,0.530458,0.5138144259341044
1.28,0.509631,0.5110473811627033
1.296,0.507116,0.5083371018282019
1.312,0.494462,0.5056794825195337
1.328,0.517538,0.5030704403011079
1.344,0.508988,0.5005059338227988
1.36,0.485457,0.49798198160100476
1.376,0.487935,0.4954946793958942
1.392,0.468743,0.49304021661770375
1.408,0.495882,0.4906148917027665
1.424,0.498685,0.4882151264078283
1.44,0.50653,0.4858374789790737
1.456,0.478726,0.4834786561601132
1.472,0.483589,0.4811355240109297
1.488,0.490798,0.4788051175174076
1.504,0.488269,0.4764846489785321
1.52,0.464431,0.4741715151656289
1.536,0.48891,0.47186330325505405
1.552,0.471762,0.46955779554254695
1.568,0.481929,0.4672529729539645
1.584,0.458574,0.4649470173733186
1.6,0.465257,0.462638312814906
1.616,0.425646,0.4603254454718397
1.632,0.48864,0.45800720267843315
1.648,0.457822,0.4556825708286524
1.664,0.45406,0.45335073229720907
1.68,0.45275,0.4510110614138236
1.696,0.469529,0.44866311954472304
1.712,0.461078,0.4463066493385521
1.728,0.43916,0.44394156819657116
1.744,0.402738,0.44156796102927615
1.76,0.443583,0.4391860723634297
1.776,0.444445,0.43679629786491
1.792,0.427359,0.43439917534380995
1.808,0.440073,0.43199537530882626
1.824,0.40272,0.4295856911382041
1.84,0.444629,0.4271710289343408
1.856,0.425871,0.42475239712863144
1.872,0.428818,0.4223308959022595
1.888,0.42823,0.4199077064874273
1.904,0.412851,0.41748408041199786
1.92,0.425791,0.4150613287486934
1.936,0.408132,0.41264081142789816
1.952,0.408246,0.41022392667075863
1.968,0.420703,0.4078121005966852
1.984,0.411202,0.4054067770565563
2.0,0.373271,0.4030094077399411
2.016,0.418285,0.4006214426014941
2.032,0.41362,0.3982443206483814
2.048,0.408057,0.395879461127176
2.064,0.367385,0.39352825514514367
2.08,0.396502,0.3911920577572506
2.096,0.40996,0.3888721805465794
2.112,0.39029,0.38656988472216863
2.128,0.408408,0.3842863747546097
2.144,0.344357,0.38202279256606053
2.16,0.371201,0.37978021228770353
2.176,0.378029,0.3775596355940806
2.192,0.36962,0.37536198762022627
2.208,0.39045,0.373188113464081
2.224,0.349465,0.37103877527334017
2.24,0.379571,0.3689146499126794
2.256,0.369407,0.36681632720421464
2.272,0.369651,0.3647443087311149
2.288,0.358983,0.3626990071915066
2.304,0.362079,0.36068074628718305
2.32,0.380096,0.3586897611291927
2.336,0.344013,0.35672619914011844
2.352,0.359027,0.35479012143078104
2.368,0.364966,0.35288150462722406
2.384,0.330622,0.3510002431221512
2.4,0.315792,0.3491461517235059
2.416,0.328406,0.3473189686715988
2.432,0.337687,0.3455183589951124
2.448,0.334692,0.3437439181754308
2.464,0.328589,0.34199517608806407
2.48,0.349477,0.3402716011894551
2.496,0.314743,0.33857260491716434
2.512,0.325311,0.3368975462713264
2.528,0.306824,0.33524573654535217
2.544,0.338329,0.3336164441741015
2.56,0.329467,0.3320088996681784
2.576,0.32239,0.33042230060358124
2.592,0.336746,0.32885581663667257
2.608,0.334155,0.3273085945153151
2.624,0.316,0.3257797630580245
2.64,0.334368,0.32426843807412536
2.656,0.315318,0.3227737271991395
2.672,0.332342,0.3212947346209822
2.688,0.309232,0.31983056567397977
2.704,0.295454,0.3183803312792365
2.72,0.348076,0.3169431522114687
2.736,0.314519,0.31551816317405934
2.752,0.306942,0.31410451666578604
2.768,0.273174,0.3127013866243899
2.784,0.319507,0.3113079718339123
2.8,0.282356,0.3099234990844831
2.816,0.292434,0.3085472260750162
2.832,0.328241,0.30717844405103173
2.848,0.286441,0.3058164801715645
2.864,0.293537,0.30446069960084843
2.88,0.308479,0.30311050732214834
2.896,0.316223,0.30176534967276025
2.912,0.319526,0.3004247156007962
2.928,0.280553,0.29908813764591313
2.944,0.299156,0.29775519264761613
2.96,0.283762,0.29642550218617936
2.976,0.327146,0.2950987327625552
2.992,0.31566,0.29377459572489484
3.008,0.26764,0.29245284695047435
3.024,0.285079,0.29113328629289253
3.04,0.324612,0.28981575680540195
3.056,0.253497,0.28850014375212474
3.072,0.289153,0.28718637341970454
3.088,0.286388,0.2858744117426494
3.104,0.269643,0.2845642627562221
3.12,0.296102,0.28325596689124677
3.136,0.277857,0.28194959912560225
3.152,0.266132,0.2806452670074953
3.168,0.260892,0.27934310856581795
3.184,0.254436,0.2780432901230226
3.2,0.251813,0.2767460040259849
3.216,0.287721,0.2754514663102665
3.232,0.255868,0.2741599143130593
3.248,0.266776,0.27287160424987084
3.264,0.26622,0.2715868087697142
3.28,0.268361,0.27030581450320246
3.296,0.281852,0.26902891961750636
3.312,0.232284,0.2677564313916369
3.328,0.250007,0.2664886638249538
3.344,0.279514,0.26522593529118843
3.36,0.268596,0.26396856624960985
3.376,0.251823,0.2627168770242555
3.392,0.280715,0.2614711856614076
3.408,0.270383,0.2602318058747204
3.424,0.247859,0.25899904508660243
3.44,0.275123,0.2577732025736317
3.456,0.260527,0.2565545677229447
3.472,0.250833,0.25534341840568653
3.488,0.270691,0.254140019472753
3.504,0.240423,0.2529446213771953
3.52,0.26303,0.25175745892680823
3.536,0.242614,0.2505787501695681
3.552,0.252722,0.24940869541376312
3.568,0.276879,0.24824747638383476
3.584,0.243401,0.24709525551215783
3.6,0.263606,0.24595217536621497
3.616,0.233661,0.24481835820988182
3.632,0.239935,0.24369390569682434
3.648,0.230093,0.24257889869334032
3.664,0.231386,0.24147339722733208
3.68,0.217258,0.24037744055950347
3.696,0.276199,0.23929104737231427
3.712,0.246376,0.23821421607171156
3.728,0.226276,0.23714692519618827
3.744,0.251698,0.23608913392729644
3.76,0.252854,0.23504078269536466
3.776,0.256639,0.2340017938738424
3.792,0.239401,0.23297207255540972
3.808,0.221444,0.2319515074027597
3.824,0.219023,0.2309399715667722
3.84,0.23501,0.22993732366466063
3.856,0.232043,0.22894340881057731
3.872,0.229528,0.2279580596911186
3.888,0.251475,0.22698109767816302
3.904,0.194172,0.22601233397151682
3.92,0.230555,0.22505157076392104
3.936,0.221253,0.2240986024210894
3.952,0.240568,0.2231532166696076
3.968,0.211052,0.22221519578571056
3.984,0.211617,0.22128431777818106
4.0,0.215495,0.22036035755886743
4.016,0.191742,0.2194430880945994
4.032,0.193018,0.21853228153459084
4.048,0.246908,0.21762771030774988
4.064,0.210399,0.21672914818466688
4.08,0.21629,0.21583637129942335
4.096,0.217824,0.2149491591267485
4.112,0.220724,0.21406729541044622
4.128,0.205744,0.21319056903942726
4.144,0.203596,0.21231877486809056
4.16,0.236748,0.21145171447822195
4.176,0.214633,0.21058919687999814
4.192,0.233876,0.20973103915010408
4.208,0.159879,0.20887706700539588
4.224,0.173704,0.20802711531094856
4.24,0.218395,0.20718102852174203
4.256,0.219237,0.2063386610576316
4.272,0.219903,0.2054998776116404
4.288,0.201149,0.20466455339198292
4.304,0.187087,0.20383257429858995
4.32,0.200329,0.20300383703524882
4.336,0.21731,0.20217824915879998
4.352,0.179019,0.20135572906713742
4.368,0.207258,0.20053620592804963
4.384,0.194269,0.1997196195512042
4.4,0.194334,0.19890592020582482
4.416,0.19897,0.1980950683868337
4.432,0.212505,0.19728703453243035
4.448,0.175622,0.19648179869625806
4.464,0.202061,0.19567935017746066
4.48,0.198888,0.19487968711206344
4.496,0.203495,0.19408281602921953
4.512,0.154936,0.19328875137594326
4.528,0.189394,0.19249751501401724
4.544,0.233992,0.19170913569279283
4.56,0.207218,0.1909236485016214
4.576,0.175473,0.19014109430564832
4.592,0.165863,0.1893615191686719
4.608,0.207194,0.18858497376672653
4.624,0.206619,0.18781151279598066
4.64,0.190944,0.18704119437845673
4.656,0.224422,0.18627407946898067
4.672,0.201013,0.1855102312666495
4.688,0.176845,0.18474971463397694
4.704,0.189378,0.1839925955267285
4.72,0.15624,0.18323894043730324
4.736,0.173722,0.1824888158543487
4.752,0.198556,0.18174228774111917
4.768,0.151593,0.18099942103490071
4.784,0.169415,0.18026027916963205
4.8,0.161048,0.17952492362365183
4.816,0.14198,0.17879341349430053
4.832,0.18405,0.17806580510089506
4.848,0.186514,0.17734215161739028
4.864,0.188936,0.1766225027358273
4.88,0.241697,0.17590690436146356
4.896,0.172349,0.17519539834027034
4.912,0.179276,0.17448802221928067
4.928,0.17992,0.17378480904006863
4.944,0.147016,0.17308578716544645
4.96,0.177367,0.17239098013927595
4.976,0.210712,0.17170040657910812
4.992,0.164732,0.17101408010118785
5.008,0.184997,0.17033200927719497
5.024,0.175392,0.16965419762193343
5.04,0.188853,0.16898064361103168
5.056,0.163087,0.16831134072757958
5.072,0.147037,0.16764627753649639
5.088,0.169216,0.1669854377853095
5.104,0.175169,0.1663288005299163
5.12,0.163421,0.16567634028380634
5.136,0.163552,0.16502802718913834
5.152,0.178523,0.16438382720799538
5.168,0.175857,0.16374370233208063
5.184,0.150393,0.16310761080906983
5.2,0.188486,0.1624755073837981
5.216,0.143386,0.16184734355243557
5.232,0.177436,0.16122306782779033
5.248,0.155219,0.16060262601387695
5.264,0.19757,0.1599859614878938
5.28,0.143846,0.15937301548777147
5.296,0.169642,0.15876372740348252
5.312,0.187921,0.1581580350703386
5.328,0.146851,0.15755587506254792
5.344,0.150764,0.1569571829853586
5.36,0.123116,0.15636189376417622
5.376,0.166496,0.15576994192911253
5.392,0.165469,0.1551812618934963
5.408,0.17825,0.1545957882249601
5.424,0.160783,0.15401345590780216
5.44,0.140282,0.15343420059541302
5.456,0.147692,0.1528579588516518
5.472,0.148786,0.15228466838015603
5.488,0.150098,0.15171426824066747
5.504,0.12792,0.15114669905156009
5.52,0.179973,0.1505819031778605
5.536,0.184156,0.15001982490415597
5.552,0.131942,0.1494604105918875
5.568,0.114365,0.14890360882063194
5.584,0.153595,0.14834937051308042
5.6,0.153657,0.1477976490435185
5.616,0.150148,0.14724840032971712
5.632,0.150676,0.14670158290823537
5.648,0.177583,0.14615715799323437
5.664,0.137537,0.1456150895189872
5.68,0.143262,0.1450753441663584
5.696,0.164426,0.1445378913736083
5.712,0.143025,0.14400270333195292
5.728,0.125996,0.14346975496638362
5.744,0.157034,0.14293902390231897
5.76,0.168627,0.1424104904187199
5.776,0.148078,0.1418841373883591
5.792,0.144423,0.14135995020598283
5.808,0.136134,0.14083791670515133
5.824,0.155585,0.14031802706458
5.84,0.133501,0.13980027370483855
5.856,0.123312,0.1392846511762925
5.872,0.134738,0.13877115603919069
5.888,0.128387,0.13825978673682113
5.904,0.15906,0.137750543462665
5.92,0.141482,0.13724342802248335
5.936,0.132587,0.13673844369227198
5.952,0.131615,0.1362355950730102
5.968,0.154128,0.13573488794312089
5.984,0.137609,0.1352363291095424
6.0,0.13011,0.1347399262582905
6.016,0.123175,0.1342456878053657
6.032,0.128215,0.13375362274883196
6.048,0.149216,0.13326374052285844
6.064,0.0999138,0.13277605085448144
6.08,0.145537,0.13229056362380442
6.096,0.116173,0.1318072887283103
6.112,0.129495,0.131326235951918
6.128,0.132299,0.1308474148393659
6.144,0.122612,0.13037083457645904
6.16,0.109377,0.12989650387666496
6.176,0.0864923,0.12942443087449249
6.192,0.126182,0.1289546230260369
6.208,0.124382,0.12848708701702
6.224,0.107086,0.1280218286786034
6.24,0.143333,0.1275588529112005
6.256,0.122319,0.12709816361645743
6.272,0.126796,0.12663976363752683
6.288,0.117815,0.12618365470770276
6.304,0.13651,0.12572983740743943
6.32,0.120515,0.1252783111297265
6.336,0.121517,0.12482907405374799
6.352,0.104246,0.12438212312670713
6.368,0.13576,0.12393745405365872
6.384,0.108008,0.1234950612951482
6.4,0.134813,0.12305493807242007
6.416,0.136624,0.12261707637992413
6.432,0.112725,0.12218146700481335
6.448,0.12442,0.12174809955309945
6.464,0.111039,0.12131696248210391
6.48,0.11772,0.12088804313881883
6.496,0.115278,0.12046132780377077
6.512,0.134694,0.12003680173996245
6.528,0.135741,0.11961444924645209
6.544,0.132665,0.1191942537161178
6.56,0.133624,0.11877619769714538
6.576,0.135719,0.11836026295777129
6.592,0.111517,0.11794643055380895
6.608,0.144866,0.11753468089848594
6.624,0.143555,0.11712499383412135
6.64,0.106791,0.1167173487051774
6.656,0.124471,0.1163117244322253
6.672,0.103884,0.1159080995863772
6.688,0.118975,0.11550645246374354
6.704,0.143209,0.11510676115949367
6.72,0.133904,0.11470900364110896
6.736,0.103247,0.1143131578204379
6.752,0.13224,0.11391920162418075
6.768,0.120542,0.11352711306245115
6.784,0.116015,0.11313687029508633
6.8,0.110389,0.11274845169539768
6.816,0.0858007,0.11236183591108044
6.832,0.112825,0.11197700192202362
6.848,0.103967,0.11159392909478937
6.864,0.118574,0.11121259723355487
6.88,0.123505,0.11083298662733787
6.896,0.118456,0.11045507809335303
6.912,0.115013,0.11007885301637249
6.928,0.0891804,0.10970429338399167
6.944,0.0827825,0.10933138181772643
6.96,0.10318,0.10896010159989425
6.976,0.092248,0.10859043669625756
6.992,0.109304,0.10822237177443099
7.008,0.12625,0.10785589221807923
7.024,0.115765,0.10749098413695514
7.04,0.0731174,0.10712763437284795
7.056,0.0919728,0.10676583050153565
7.072,0.101565,0.10640556083085079
7.088,0.0990966,0.10604681439499258
7.104,0.0944984,0.10568958094523011
7.12,0.104905,0.10533385093716162
7.136,0.111937,0.10497961551470601
7.152,0.122122,0.10462686649101784
7.168,0.0731666,0.10427559632652651
7.184,0.112634,0.10392579810431261
7.2,0.104363,0.10357746550303978
7.216,0.0669573,0.10323059276767119
7.232,0.0902982,0.1028851746782009
7.248,0.0882614,0.102541206516638
7.264,0.102547,0.10219868403248207
7.28,0.116558,0.10185760340692857
7.296,0.0781311,0.10151796121604603
7.312,0.0927101,0.10117975439316072
7.328,0.109186,0.10084298019068523
7.344,0.0712405,0.10050763614162081
7.36,0.0653465,0.10017372002095935
7.376,0.097087,0.09984122980720388
7.392,0.0946804,0.0995101636442188
7.408,0.112841,0.09918051980361288
7.424,0.122458,0.09885229664784898
7.44,0.096457,0.09852549259426362
7.456,0.108187,0.09820010608016908
7.472,0.0905327,0.09787613552919983
7.488,0.0838069,0.09755357931905122
7.504,0.0778436,0.09723243575074846
7.52,0.0949261,0.09691270301956866
7.536,0.125094,0.0965943791877269
7.552,0.0734956,0.09627746215892334
7.568,0.0858608,0.09596194965483562
7.584,0.0792032,0.09564783919362553
7.6,0.0741304,0.09533512807051778
7.616,0.0948172,0.09502381334049334
7.632,0.0928526,0.09471389180312673
7.648,0.116366,0.09440535998958566
7.664,0.100989,0.09409821415179526
7.68,0.0946164,0.09379245025376037
7.696,0.109934,0.09348806396502449
7.712,0.112463,0.09318505065623496
7.728,0.0886456,0.09288340539677123
7.744,0.0857014,0.09258312295438398
7.76,0.0633488,0.09228419779678242
7.776,0.08552,0.09198662409509835
7.792,0.114076,0.09169039572914763
7.808,0.0949964,0.09139550629440134
7.824,0.0832254,0.09110194911057189
7.84,0.0893067,0.09080971723171453
7.856,0.0955548,0.09051880345773794
7.872,0.0906926,0.09022920034721271
7.888,0.127883,0.08994090023136479
7.904,0.0796436,0.08965389522913492
7.92,0.0821306,0.08936817726318495
7.936,0.122305,0.08908373807672992
7.952,0.0799674,0.08880056925107252
7.968,0.0812153,0.08851866222371878
7.984,0.0969323,0.08823800830695155
8.0,0.0767892,0.08795859870674311
8.016,0.11506,0.08768042454188565
8.032,0.0945544,0.0874034768632256
8.048,0.0968209,0.0871277466728866
8.064,0.0658609,0.08685322494337279
8.08,0.0567519,0.08657990263644584
8.096,0.0953678,0.08630777072167543
8.112,0.0679835,0.08603682019456622
8.128,0.11238,0.08576704209417192
8.144,0.0775182,0.08549842752011028
8.16,0.0623105,0.08523096764890084
8.176,0.100369,0.08496465374955241
8.192,0.0888247,0.08469947719833469
8.208,0.106844,0.08443542949267399
8.224,0.0744947,0.0841725022641207
8.24,0.0809555,0.0839106872903428
8.256,0.0854733,0.08364997650610631
8.272,0.0832945,0.08339036201321119
8.288,0.0830774,0.08313183608935722
8.304,0.0920154,0.08287439119592212
8.32,0.0654068,0.08261801998463982
8.336,0.0899521,0.0823627153031751
8.352,0.095567,0.08210847019959465
8.368,0.0870611,0.08185527792574346
8.384,0.0905676,0.08160313193953952
8.4,0.0898824,0.08135202590620647
8.416,0.0539525,0.08110195369846862
8.432,0.0697384,0.08085290939573872
8.448,0.0799329,0.08060488728233224
8.464,0.05725,0.08035788184474824
8.48,0.0871073,0.08011188776805907
8.496,0.0759247,0.0798668999314561
8.512,0.0571125,0.0796229134030017
8.528,0.0669245,0.07937992343364023
8.544,0.0905246,0.07913792545052377
8.56,0.100554,0.0788969150497108
8.576,0.0846467,0.07865688798829662
8.592,0.0721886,0.0784178401760368
8.608,0.0686401,0.07817976766652575
8.624,0.101261,0.07794266664799265
8.64,0.0711316,0.07770653343377722
8.656,0.0894167,0.07747136445254868
8.672,0.0897889,0.07723715623832929
8.688,0.0705828,0.07700390542038409
8.704,0.0946896,0.07677160871303713
8.72,0.0882678,0.07654026290547278
8.736,0.08255,0.07630986485157912
8.752,0.062228,0.07608041145988863
8.768,0.0708182,0.07585189968366868
8.784,0.0689569,0.07562432651121238
8.8,0.0408825,0.07539768895637755
8.816,0.0915027,0.0751719840494181
8.832,0.0603695,0.07494720882815006
8.848,0.0688846,0.07472336032949047
8.864,0.0629788,0.0745004355814049
8.88,0.063353,0.07427843159529496
8.896,0.084733,0.07405734535885464
8.912,0.089015,0.07383717382942014
8.928,0.0405106,0.07361791392783484
8.944,0.102483,0.07339956253284693
8.96,0.043666,0.07318211647605433
8.976,0.06302,0.07296557253740718
8.992,0.0689527,0.07274992744127576
9.008,0.097617,0.07253517785308707
9.024,0.0740892,0.07232132037653122
9.04,0.0989419,0.0721083515513345
9.056,0.0915755,0.07189626785159364
9.072,0.0967506,0.0716850656846622
9.088,0.0651081,0.07147474139057783
9.104,0.0768502,0.07126529124201593
9.12,0.077637,0.07105671144475266
9.136,0.0615872,0.07084899813861863
9.152,0.0736984,0.07064214739892158
9.168,0.0733179,0.07043615523831469
9.184,0.104264,0.07023101760908565
9.2,0.0687226,0.07002673040583962
9.216,0.0819457,0.06982328946854809
9.232,0.0776749,0.0696206905859341
9.248,0.0969128,0.06941892949916395
9.264,0.0420744,0.06921800190581386
9.28,0.0890229,0.06901790346408024
9.296,0.04299,0.06881862979720144
9.312,0.0372371,0.06862017649805868
9.328,0.0521908,0.06842253913392397
9.344,0.0577242,0.06822571325132257
9.36,0.058527,0.06802969438097899
9.376,0.0878498,0.06783447804281442
9.392,0.0543521,0.06764005975096571
9.408,0.0553463,0.06744643501879569
9.424,0.0846654,0.06725359936386627
9.44,0.104905,0.0670615483128468
9.456,0.0522511,0.06687027740633093
9.472,0.0805138,0.06667978220353693
9.488,0.0885366,0.06649005828686809
9.504,0.073076,0.06630110126631064
9.52,0.0952762,0.06611290678364881
9.536,0.0674645,0.06592547051647846
9.552,0.0549738,0.0657387881820013
9.568,0.0622878,0.06555285554058533
9.584,0.0635944,0.06536766839907718
9.6,0.0658463,0.06518322261385479
9.616,0.0652009,0.06499951409361071
9.632,0.0597802,0.06481653880185753
9.648,0.0318812,0.06463429275914945
9.664,0.0595806,0.06445277204501554
9.68,0.087124,0.06427197279960155
9.696,0.044702,0.06409189122501999
9.712,0.0451691,0.06391252358640837
9.728,0.0533502,0.0637338662126989
9.744,0.0537959,0.06355591549710238
9.76,0.0313245,0.06337866789731264
9.776,0.079675,0.06320211993543823
9.792,0.0737404,0.06302626819766868
9.808,0.0546056,0.06285110933368576
9.824,0.0322734,0.06267664005582978
9.84,0.0786821,0.06250285713803252
9.856,0.0386804,0.062329757414529556
9.872,0.0824298,0.06215733777836522
9.888,0.0984724,0.06198559517970473
9.904,0.060579,0.06181452662396794
9.92,0.0590093,0.061644129169800534
9.936,0.0527688,0.06147439992689814
9.952,0.0894475,0.06130533605370002
9.968,0.0534694,0.06113693475496824
9.984,0.099843,0.06096919327926965
10.0,0.0503813,0.06080210891637646
10.016,0.0698932,0.060635678994602996
10.032,0.0566905,0.06046990087809406
10.048,0.0340067,0.06030477196408198
10.064,0.0557176,0.06014028968012786
10.08,0.0853844,0.05997645148136251
10.096,0.0378036,0.059813254847742435
10.112,0.076155,0.0596506972813348
10.128,0.0707114,0.059488776303646206
10.144,0.0648738,0.05932748945300732
10.16,0.0622397,0.05916683428202708
10.176,0.0491279,0.059006808355127394
10.192,0.0649558,0.058847409246169345
10.208,0.0935059,0.05868863453618177
10.224,0.0573364,0.05853048181120019
10.24,0.0387283,0.058372948660225486
10.256,0.0389182,0.05821603267330902
10.272,0.0320413,0.05805973143977096
10.288,0.0692213,0.05790404254655735
10.304,0.0391536,0.05774896357674008
10.32,0.0533172,0.057594492108163926
10.336,0.047662,0.05744062571224284
10.352,0.0559731,0.05728736195290763
10.368,0.0587281,0.05713469838570545
10.384,0.0456307,0.056982632557051625
10.4,0.0750997,0.05683116200363225
10.416,0.0747644,0.056680284251956585
10.432,0.0578098,0.056529996818056066
10.448,0.0323383,0.05638029720732718
10.464,0.0378618,0.056231182914513934
10.48,0.0707982,0.05608265142382549
10.496,0.0468291,0.05593470020918382
10.512,0.0875091,0.055787326734595036
10.528,0.0582486,0.05564052845463876
10.544,0.0415863,0.05549430281506832
10.56,0.0566637,0.05534864725351469
10.576,0.0369821,0.05520355920028654
10.592,0.0336782,0.055059036079258515
10.608,0.0520683,0.05491507530883968
10.624,0.0316329,0.05477167430301378
10.64,0.0611844,0.05462883047244286
10.656,0.0867867,0.05448654122562533
10.672,0.0878846,0.05434480397010041
10.688,0.0477861,0.05420361611368997
10.704,0.0656704,0.05406297506576922
10.72,0.0598283,0.05392287823855789
10.736,0.0448528,0.053783323048423586
10.752,0.0386959,0.05364430691718899
10.768,0.0580328,0.05350582727343541
10.784,0.0411997,0.05336788155379454
10.8,0.0904426,0.05323046720422144
10.816,0.0532083,0.053093581681241765
10.832,0.0676874,0.052957222453166225
10.848,0.0309529,0.05282138700126654
10.864,0.0563807,0.05268607282090655
10.88,0.0496547,0.052551277422623444
10.896,0.030436,0.05241699833315403
10.912,0.0478262,0.05228323309640152
10.928,0.0540009,0.0521499792743387
10.944,0.0671584,0.0520172344478443
10.96,0.0294816,0.0518849962174691
10.976,0.0441609,0.05175326220412958
10.992,0.024072,0.05162203004972669
11.008,0.0483146,0.05149129741768857
11.024,0.0558582,0.051361061993435674
11.04,0.0378125,0.05123132148476813
11.056,0.0637581,0.05110207362217481
11.072,0.0460059,0.05097331615906451
11.088,0.0523835,0.05084504687192007
11.104,0.078512,0.05071726356037642
11.12,0.0430994,0.05058996404722415
11.136,0.0605891,0.05046314617834049
11.152,0.063339,0.05033680782255004
11.168,0.055214,0.050210946871417576
11.184,0.0548523,0.050085561238976346
11.2,0.0586479,0.0499606488613944
11.216,0.0589826,0.04983620769658285
11.232,0.0410345,0.04971223572374959
11.248,0.0416729,0.049588730942902205
11.264,0.0402182,0.04946569137430424
11.28,0.0785406,0.04934311505788904
11.296,0.0681045,0.04922100005263518
11.312,0.0512123,0.049099344435908215
11.328,0.0475691,0.04897814630277293
11.344,0.0529939,0.04885740376528064
11.36,0.0707988,0.04873711495173602
11.376,0.0545515,0.04861727800594789
11.392,0.0412355,0.0484978910864684
11.408,0.0588485,0.04837895236582501
11.424,0.0546572,0.04826046002974929
11.44,0.0657468,0.0481424122764071
11.456,0.067146,0.04802480731563368
11.472,0.0612273,0.04790764336817796
11.488,0.0584922,0.04779091866495948
11.504,0.0479467,0.047674631446341494
11.52,0.0678657,0.047558779961423846
11.536,0.0192603,0.047443362467358356
11.552,0.0652078,0.0473283772286897
11.568,0.0629586,0.0472138225167248
11.584,0.0581363,0.04709969660893252
11.6,0.0694367,0.0469859977883765
11.616,0.0554809,0.04687272434318253
11.632,0.0428735,0.04675987456604244
11.648,0.0357703,0.046647446753755914
11.664,0.0529632,0.04653543920681114
11.68,0.0375595,0.046423850229005664
11.696,0.0395016,0.04631267812710756
11.712,0.0651251,0.04620192121055778
11.728,0.0326787,0.04609157779121368
11.744,0.0529785,0.04598164618313361
11.76,0.0320726,0.04587212470240232
11.776,0.0182152,0.045763011666996735
11.792,0.066831,0.045654305396691304
11.808,0.038946,0.04554600421300194
11.824,0.0464903,0.04543810643916762
11.84,0.0415604,0.04533061040016824
11.856,0.0469817,0.045223514422777195
11.872,0.0365262,0.04511681683564721
11.888,0.0691905,0.0450105159694277
11.904,0.0426533,0.044904610156911745
11.92,0.0803361,0.044799097733210565
11.936,0.0747989,0.04469397703595367
11.952,0.0429851,0.044589246405512456
11.968,0.0768514,0.04448490418524492
11.984,0.0355474,0.04438094872175941
12.0,0.0891637,0.04427737836519491
12.016,0.0536902,0.04417419146951579
12.032,-0.00467294,0.04407138639281838
12.048,0.015624,0.04396896149764736
12.064,0.0474345,0.043866915151319366
12.08,0.0532437,0.04376524572625179
12.096,0.0338758,0.04366395160029425
12.112,0.0323934,0.04356303115706088
12.128,0.0234477,0.043462482786261046
12.144,0.0660215,0.043362304884026474
12.16,0.0541297,0.043262495853233086
12.176,0.023128,0.04316305410381528
12.192,0.0485407,0.04306397805307116
12.208,0.0572541,0.04296526612595698
12.224,0.0544154,0.0428669167553692
12.24,0.0754505,0.04276892838241275
12.256,0.0332811,0.04267129945665421
12.272,0.0423249,0.042574028436358755
12.288,0.0186053,0.04247711378870955
12.304,0.0570137,0.0423805539900092
12.32,0.0501576,0.042284347525861896
12.336,0.0161507,0.042188492891335784
12.352,0.0413738,0.04209298859110536
12.368,0.0562972,0.04199783313957291
12.384,0.0218758,0.04190302506096923
12.4,0.0533213,0.041808562889433284
12.416,0.0414323,0.04171444516907058
12.432,0.033919,0.04162067045399081
12.448,0.059472,0.04152723730832474
12.464,0.0485197,0.04143414430622051
12.48,0.0185821,0.04134139003182012
12.496,0.0272638,0.041248973079216426
12.512,0.0312462,0.04115689205239134
12.528,0.0326424,0.041065145565136005
12.544,0.0542528,0.0409737322409536
12.56,0.0616836,0.0408826507129459
12.576,0.0233683,0.04079189962368428
12.592,0.0380295,0.04070147762506629
12.608,0.0415814,0.04061138337815895
12.624,0.0334587,0.04052161555302963
12.64,0.00817208,0.04043217282856594
12.656,0.0303268,0.04034305389228549
12.672,0.0507328,0.040254257440137026
12.688,0.0646645,0.04016578217629391
12.704,0.0253524,0.040077626812941275
12.72,0.0273186,0.03998979007005807
12.736,0.0314785,0.039902270675195
12.752,0.00803752,0.03981506736325009
12.768,0.0409241,0.039728178876242214
12.784,0.0284046,0.03964160396308461
12.8,0.04009,0.03955534137935887
12.816,0.0463318,0.039469389887090825
12.832,0.0532219,0.039383748254529144
12.848,0.0592505,0.03929841525592787
12.864,0.0239132,0.03921338967133366
12.88,0.0136388,0.039128670286378626
12.896,0.0290362,0.03904425589207981
12.912,-0.0115907,0.03896014528464567
12.928,0.0819816,0.038876337265290786
12.944,0.0458014,0.03879283064005892
12.96,0.0236045,0.038709624219655486
12.976,0.0428924,0.03862671681928952
12.992,0.0255503,0.03854410725852582
13.008,0.0473573,0.038461794361147626
13.024,0.0497628,0.03837977695503006
13.04,0.0489239,0.03829805387202455
13.056,0.0339557,0.038216623947854474
13.072,0.0378508,0.038135486022022054
13.088,0.0592151,0.03805463893772662
13.104,0.0467419,0.03797408154179401
13.12,0.0465321,0.037893812684617334
13.136,0.0110221,0.03781383122010855
13.152,0.0462318,0.037734136005661036
13.168,0.0480074,0.03765472590212261
13.184,0.0538341,0.037575599773778744
13.2,0.0223443,0.03749675648834579
13.216,0.0263411,0.03741819491697343
13.232,0.0104035,0.03733991393425641
13.248,0.0408547,0.03726191241825459
13.264,0.0231956,0.03718418925052107
13.28,0.0333647,0.03710674331613778
13.296,0.0519743,0.03702957350375806
13.312,0.0535606,0.03695267870565532
13.328,0.0549821,0.03687605781777763
13.344,0.0270104,0.036799709739807236
13.36,0.0459025,0.03672363337522458
13.376,0.0374999,0.03664782763137611
13.392,0.0308262,0.03657229141954528
13.408,0.0513525,0.03649702365502605
13.424,0.045259,0.03642202325719833
13.44,0.0372515,0.03634728914960468
13.456,0.0218948,0.036272820260027774
13.472,0.00899265,0.03619861552056777
13.488,0.0333535,0.03612467386771939
13.504,0.0398988,0.03605099424244787
13.52,0.0362682,0.03597757559026327
13.536,0.0393985,0.035904416861292844
13.552,0.0305893,0.03583151701035074
13.568,0.0493478,0.035758874997004794
13.584,0.0373201,0.03568648978563978
13.6,0.0610086,0.035614360345516974
13.616,0.0579336,0.03554248565082953
13.632,0.0340745,0.03547086468075332
13.648,0.0270288,0.03539949641949315
13.664,0.0474905,0.03532837985632382
13.68,0.0364728,0.03525751398562619
13.696,0.0410669,0.035186897806917625
13.712,0.0834455,0.03511653032487719
13.728,0.0139454,0.03504641054936502
13.744,0.0452784,0.034976537495436145
13.76,0.0277707,0.03490691018334857
13.776,0.0430045,0.03483752763856566
13.792,0.0316643,0.03476838889175287
13.808,0.0429957,0.034699492978768905
13.824,0.021166,0.034630838940651304
13.84,0.0559429,0.034562425823596796
13.856,0.071786,0.03449425267893631
13.872,0.0152581,0.034426318563105046
13.888,0.0429348,0.03435862253760763
13.904,0.0277153,0.0342911636689788
13.92,0.0371948,0.034223941028739616
13.936,0.046376,0.034156953693349604
13.952,0.0565749,0.034090200744155086
13.968,0.0426017,0.03402368126733407
13.984,-0.00758445,0.03395739435383782
14.0,0.0568876,0.033891339099329496
14.016,0.0384055,0.0338255146041204
14.032,0.0265967,0.033759919973103736
14.048,0.0322195,0.03369455431568662
14.064,0.0448346,0.0336294167457204
14.08,0.0132563,0.033564506381429764
14.096,0.0165643,0.03349982234534095
14.112,0.0658702,0.03343536376420922
14.128,0.0115072,0.03337112976894628
14.144,0.0379314,0.03330711949454747
14.16,0.0438588,0.03324333208001949
14.176,0.0459283,0.03317976666830868
14.192,0.0515913,0.033116422406230125
14.208,0.0510424,0.03305329844439815
14.224,0.00919576,0.032990393937158025
14.24,0.0144824,0.03292770804251942
14.256,0.0416115,0.03286523992209185
14.272,0.0363262,0.03280298874102208
14.288,0.0548355,0.0327409536679339
14.304,0.012321,0.032679133874870314
14.32,0.0448426,0.03261752853723844
14.336,0.0392,0.032556136833756966
14.352,0.0544757,0.03249495794640674
14.368,0.0165834,0.03243399106038404
14.384,0.021449,0.03237323536405705
14.4,0.0623747,0.032312690048925424
14.416,0.0105289,0.03225235430958288
14.432,0.00787526,0.03219222734368307
14.448,0.0392684,0.032132308351908515
14.464,0.035386,0.03207259653794269
14.48,0.00395523,0.032013091108445274
14.496,0.0383712,0.03195379127303048
14.512,0.0297981,0.031894696244248205
14.528,0.0537186,0.03183580523756837
14.544,0.015194,0.0317771174713679
14.56,0.0194195,0.0317186321669205
14.576,0.0429877,0.031660348548389054
14.592,0.0112588,0.03160226584282044
14.608,0.0285182,0.031544383280142876
14.624,0.0261538,0.03148670009316522
14.64,0.00543812,0.03142921551757852
14.656,0.0218066,0.031371928791959436
14.672,0.0330889,0.03131483915777526
14.688,0.0273323,0.03125794585939066
14.704,0.0157434,0.03120124814407581
14.72,0.0388754,0.031144745262015525
14.736,0.00406161,0.031088436466319765
14.752,0.0280569,0.031032321013034707
14.768,0.0360122,0.030976398161154706
14.784,0.029694,0.03092066717263469
14.8,0.0172052,0.030865127312402926
14.816,0.0349978,0.030809777848373947
14.832,0.0352989,0.03075461805146154
14.848,0.0139323,0.03069964719559156
14.864,0.0453268,0.03064486455771448
14.88,0.0345419,0.030590269417817496
14.896,0.0232221,0.03053586105893609
14.912,0.0200121,0.030481638767164806
14.928,0.0652403,0.030427601831667383
14.944,-0.0152035,0.030373749544685694
14.96,0.0434323,0.03032008120154794
14.976,0.0450131,0.030266596100675506
14.992,0.0409596,0.03021329354358867
15.008,0.0421371,0.030160172834911052
15.024,0.0327911,0.030107233282372612
15.04,0.0341537,0.030054474196811405
15.056,0.02965,0.030001894892173673
15.072,0.0229543,0.02994949468551268
15.088,0.00836667,0.029897272896985773
15.104,-0.00333727,0.02984522884985021
15.12,0.0487977,0.02979336187045715
15.136,0.0367129,0.029741671288244356
15.152,-0.00686662,0.029690156435727266
15.168,0.0341821,0.029638816648488525
15.184,0.00025497,0.02958765126516621
15.2,0.0235881,0.029536659627440443
15.216,0.0177708,0.02948584108001871
15.232,0.042317,0.029435194970619843
15.248,0.00421885,0.029384720649956734
15.264,0.023596,0.029334417471717764
15.28,0.056356,0.029284284792547174
15.296,0.0575291,0.029234321972024316
15.312,0.0321038,0.02918452837264193
15.328,0.0176579,0.029134903359783484
15.344,0.0202464,0.029085446301699715
15.36,0.0343116,0.029036156569484415
15.376,0.0418924,0.028987033537049595
15.392,0.00499406,0.02893807658110001
15.408,0.0390509,0.028889285081107337
15.424,0.0267369,0.02884065841928386
15.44,0.00408579,0.028792195980555924
15.456,0.0565474,0.028743897152537234
15.472,0.0226353,0.02869576132550193
15.488,0.0348914,0.02864778789235778
15.504,0.0127323,0.028599976248619336
15.52,0.0433739,0.0285523257923813
15.536,0.0284858,0.02850483592429212
15.552,0.00922558,0.02845750604752781
15.568,0.0141453,0.02841033556776632
15.584,0.0245285,0.028363323893162158
15.6,0.0286419,0.02831647043432168
15.616,0.0190895,0.028269774604278826
15.632,0.0125026,0.028223235818471665
15.648,0.0327702,0.028176853494719382
15.664,0.0250505,0.028130627053200196
15.68,0.0285874,0.02808455591642997
15.696,0.0262238,0.028038639509241594
15.712,0.0289788,0.027992877258765203
15.728,0.00195914,0.02794726859440934
15.744,0.0333534,0.02790181294784288
15.76,0.0629444,0.027856509752977942
15.776,0.0329368,0.027811358445953588
15.792,0.0377779,0.027766358465120537
15.808,0.0156474,0.027721509251026788
15.824,0.0224643,0.02767681024640399
15.84,0.0303383,0.02763226089615487
15.856,0.0113529,0.027587860647341485
15.872,0.0328604,0.027543608949174236
15.888,0.0135495,0.027499505253001873
15.904,0.0197724,0.027455549012302172
15.92,0.0516311,0.027411739682673464
15.936,0.0476079,0.027368076721826874
15.952,0.0301303,0.0273245595895793
15.968,0.0404689,0.027281187747846977
15.984,0.0318155,0.02723796066063984
16.0,0.0185428,0.027194877794056244
16.016,0.0332444,0.02715193861627841
16.032,0.0170398,0.027109142597568296
16.048,0.0456278,0.027066489210263917
16.064,0.0175069,0.027023977928776036
16.08,0.0040383,0.026981608229585265
16.096,0.0238752,0.026939379591239453
16.112,0.0326727,0.026897291494351286
16.128,0.00121951,0.0268553434215961
16.144,0.0496247,0.02681353485770995
16.16,0.0183205,0.026771865289487592
16.176,0.0252224,0.026730334205780797
16.192,0.0137175,0.026688941097496355
16.208,0.0346135,0.0266476854575944
16.224,0.000271637,0.02660656678108638
16.24,0.048165,0.026565584565033155
16.256,0.0220078,0.02652473830854269
16.272,0.00550841,0.026484027512767905
16.288,-0.00278333,0.026443451680903972
16.304,0.0400236,0.02640301031818562
16.32,-0.00866601,0.026362702931884058
16.336,0.0211172,0.026322529031303603
16.352,0.0434567,0.026282488127777996
16.368,0.0248221,0.026242579734666448
